0.1596 0.9855 0.0977  0.5629 0.2059
0.1395 1.0673 0.0830  0.5568 0.2615
0.0844 1.0594 0.1249  0.5108 0.2584
0.0844 1.0594 0.1249  0.5108 0.2584
0.0816 0.9681 0.1269  0.5085 0.1962
0.1596 0.9855 0.0977  0.5629 0.2059
0.0000 1.0494 0.1434  0.4522 0.2525
0.0000 0.9616 0.1323  0.4557 0.1924
0.0816 0.9681 0.1269  0.5085 0.1962
0.0816 0.9681 0.1269  0.5085 0.1962
0.0844 1.0594 0.1249  0.5108 0.2584
0.0000 1.0494 0.1434  0.4522 0.2525
0.1395 1.0673 0.0830  0.5568 0.2615
0.1596 0.9855 0.0977  0.5629 0.2059
0.1799 0.9861 0.0166  0.6181 0.2116
0.1799 0.9861 0.0166  0.6181 0.2116
0.1505 1.0818 0.0120  0.6041 0.2781
0.1395 1.0673 0.0830  0.5568 0.2615
0.1505 1.0818 0.0120  0.0458 0.2707
0.1033 1.0821 -0.0437  0.0947 0.2666
0.0772 1.1435 -0.0339  0.1081 0.3132
0.0772 1.1435 -0.0339  0.1081 0.3132
0.1193 1.1537 0.0115  0.0635 0.3157
0.1505 1.0818 0.0120  0.0458 0.2707
0.0844 1.0594 0.1249  0.5108 0.2584
0.1395 1.0673 0.0830  0.5568 0.2615
0.1088 1.1572 0.0760  0.5477 0.3261
0.1088 1.1572 0.0760  0.5477 0.3261
0.0712 1.1595 0.1228  0.5029 0.3272
0.0844 1.0594 0.1249  0.5108 0.2584
0.0000 1.0494 0.1434  0.4522 0.2525
0.0844 1.0594 0.1249  0.5108 0.2584
0.0712 1.1595 0.1228  0.5029 0.3272
0.0712 1.1595 0.1228  0.5029 0.3272
0.0000 1.1561 0.1373  0.4488 0.3249
0.0000 1.0494 0.1434  0.4522 0.2525
0.1395 1.0673 0.0830  0.5568 0.2615
0.1505 1.0818 0.0120  0.6041 0.2781
0.1193 1.1537 0.0115  0.5936 0.3265
0.1193 1.1537 0.0115  0.5936 0.3265
0.1088 1.1572 0.0760  0.5477 0.3261
0.1395 1.0673 0.0830  0.5568 0.2615
0.1886 0.8667 0.0162  0.6254 0.1280
0.1799 0.9861 0.0166  0.6181 0.2116
0.1596 0.9855 0.0977  0.5629 0.2059
0.1596 0.9855 0.0977  0.5629 0.2059
0.1607 0.8643 0.1082  0.5616 0.1263
0.1886 0.8667 0.0162  0.6254 0.1280
0.1511 0.9829 -0.0530  0.0647 0.1992
0.1033 1.0821 -0.0437  0.0947 0.2666
0.1505 1.0818 0.0120  0.0458 0.2707
0.1505 1.0818 0.0120  0.0458 0.2707
0.1799 0.9861 0.0166  0.0165 0.2080
0.1511 0.9829 -0.0530  0.0647 0.1992
0.0000 1.1440 -0.0477  0.1683 0.3177
0.0772 1.1435 -0.0339  0.1081 0.3132
0.1033 1.0821 -0.0437  0.0947 0.2666
0.1033 1.0821 -0.0437  0.0947 0.2666
0.0000 1.0788 -0.0593  0.1686 0.2697
0.0000 1.1440 -0.0477  0.1683 0.3177
0.1607 0.8643 0.1082  0.5616 0.1263
0.0743 0.8701 0.1330  0.5042 0.1296
0.0761 0.7017 0.1262  0.5091 0.0155
0.0761 0.7017 0.1262  0.5091 0.0155
0.1426 0.7012 0.0978  0.5574 0.0163
0.1607 0.8643 0.1082  0.5616 0.1263
0.1607 0.8643 0.1082  0.5616 0.1263
0.1426 0.7012 0.0978  0.5574 0.0163
0.1704 0.7009 0.0204  0.6133 0.0138
0.1704 0.7009 0.0204  0.6133 0.0138
0.1886 0.8667 0.0162  0.6254 0.1280
0.1607 0.8643 0.1082  0.5616 0.1263
0.1343 0.7053 -0.0598  0.0735 0.0109
0.1559 0.8876 -0.0636  0.0615 0.1343
0.1886 0.8667 0.0162  0.0052 0.1221
0.1886 0.8667 0.0162  0.0052 0.1221
0.1704 0.7009 0.0204  0.0140 0.0061
0.1343 0.7053 -0.0598  0.0735 0.0109
0.1559 0.8876 -0.0636  0.0615 0.1343
0.0899 0.9120 -0.1107  0.1099 0.1491
0.0837 0.9901 -0.1069  0.1140 0.1990
0.0837 0.9901 -0.1069  0.1140 0.1990
0.1511 0.9829 -0.0530  0.0647 0.1992
0.1559 0.8876 -0.0636  0.0615 0.1343
0.0899 0.9120 -0.1107  0.1099 0.1491
0.0000 0.9174 -0.0970  0.1628 0.1526
0.0000 0.9837 -0.0954  0.1640 0.1986
0.0000 0.9837 -0.0954  0.1640 0.1986
0.0837 0.9901 -0.1069  0.1140 0.1990
0.0899 0.9120 -0.1107  0.1099 0.1491
0.1033 1.0821 -0.0437  0.0947 0.2666
0.1511 0.9829 -0.0530  0.0647 0.1992
0.0837 0.9901 -0.1069  0.1140 0.1990
0.0837 0.9901 -0.1069  0.1140 0.1990
0.0000 1.0788 -0.0593  0.1686 0.2697
0.1033 1.0821 -0.0437  0.0947 0.2666
0.1559 0.8876 -0.0636  0.0615 0.1343
0.1511 0.9829 -0.0530  0.0647 0.1992
0.1799 0.9861 0.0166  0.0165 0.2080
0.1799 0.9861 0.0166  0.0165 0.2080
0.1886 0.8667 0.0162  0.0052 0.1221
0.1559 0.8876 -0.0636  0.0615 0.1343
0.1296 1.2760 0.0898  0.5479 0.4091
0.0642 1.2792 0.1380  0.4912 0.4087
0.0712 1.1595 0.1228  0.5029 0.3272
0.0712 1.1595 0.1228  0.5029 0.3272
0.1088 1.1572 0.0760  0.5477 0.3261
0.1296 1.2760 0.0898  0.5479 0.4091
0.0712 1.1595 0.1228  0.5029 0.3272
0.0642 1.2792 0.1380  0.4912 0.4087
0.0000 1.2778 0.1442  0.4501 0.4093
0.0000 1.2778 0.1442  0.4501 0.4093
0.0000 1.1561 0.1373  0.4488 0.3249
0.0712 1.1595 0.1228  0.5029 0.3272
0.1435 1.3778 0.1254  0.5376 0.4710
0.1398 1.4308 0.0456  0.5687 0.5235
0.0652 1.4331 0.0857  0.5042 0.5314
0.0652 1.4331 0.0857  0.5042 0.5314
0.0749 1.3843 0.1489  0.4983 0.4773
0.1435 1.3778 0.1254  0.5376 0.4710
0.0736 1.3228 0.1522  0.4938 0.4379
0.1393 1.3167 0.1230  0.5379 0.4357
0.1435 1.3778 0.1254  0.5376 0.4710
0.1435 1.3778 0.1254  0.5376 0.4710
0.0749 1.3843 0.1489  0.4983 0.4773
0.0736 1.3228 0.1522  0.4938 0.4379
0.0642 1.2792 0.1380  0.4912 0.4087
0.1296 1.2760 0.0898  0.5479 0.4091
0.1393 1.3167 0.1230  0.5379 0.4357
0.1393 1.3167 0.1230  0.5379 0.4357
0.0736 1.3228 0.1522  0.4938 0.4379
0.0642 1.2792 0.1380  0.4912 0.4087
0.2293 1.4205 -0.0622  0.9180 0.5676
0.1695 1.5063 -0.0695  0.9870 0.5420
0.1781 1.5077 -0.0188  0.9939 0.5736
0.1781 1.5077 -0.0188  0.9939 0.5736
0.2402 1.4160 -0.0140  0.9224 0.6054
0.2293 1.4205 -0.0622  0.9180 0.5676
0.1435 1.3778 0.1254  0.5376 0.4710
0.1393 1.3167 0.1230  0.5379 0.4357
0.1565 1.3569 0.0355  0.5886 0.4696
0.1565 1.3569 0.0355  0.5886 0.4696
0.1398 1.4308 0.0456  0.5687 0.5235
0.1435 1.3778 0.1254  0.5376 0.4710
0.1652 1.4191 0.0238  0.9737 0.6363
0.1560 1.3846 -0.0255  0.9639 0.6752
0.1845 1.3581 -0.0281  0.9392 0.6780
0.1845 1.3581 -0.0281  0.9392 0.6780
0.2050 1.3859 0.0083  0.9354 0.6418
0.1652 1.4191 0.0238  0.9737 0.6363
0.2293 1.4205 -0.0622  0.9180 0.5676
0.2020 1.3794 -0.0750  0.8967 0.5359
0.1620 1.4246 -0.0830  0.9360 0.5194
0.1620 1.4246 -0.0830  0.9360 0.5194
0.1695 1.5063 -0.0695  0.9870 0.5420
0.2293 1.4205 -0.0622  0.9180 0.5676
0.1193 1.1537 0.0115  0.0635 0.3157
0.0772 1.1435 -0.0339  0.1081 0.3132
0.0977 1.3233 -0.0834  0.0898 0.4421
0.0977 1.3233 -0.0834  0.0898 0.4421
0.1394 1.2923 -0.0085  0.0398 0.4057
0.1193 1.1537 0.0115  0.0635 0.3157
0.1040 1.4385 -0.0968  0.0731 0.5178
0.0977 1.3233 -0.0834  0.0898 0.4421
0.0000 1.3296 -0.0933  0.1564 0.4498
0.0000 1.3296 -0.0933  0.1564 0.4498
0.0000 1.4400 -0.0960  0.1456 0.5262
0.1040 1.4385 -0.0968  0.0731 0.5178
0.0977 1.3233 -0.0834  0.0898 0.4421
0.1040 1.4385 -0.0968  0.0731 0.5178
0.1620 1.4246 -0.0830  0.0406 0.5119
0.1620 1.4246 -0.0830  0.0406 0.5119
0.1560 1.3846 -0.0255  0.0251 0.4694
0.0977 1.3233 -0.0834  0.0898 0.4421
0.0871 1.5230 -0.0638  0.5849 0.6370
0.0423 1.5504 -0.0468  0.5561 0.6537
0.0503 1.5306 -0.0035  0.5338 0.6274
0.0503 1.5306 -0.0035  0.5338 0.6274
0.1067 1.5104 0.0058  0.5624 0.5908
0.0871 1.5230 -0.0638  0.5849 0.6370
0.1040 1.4385 -0.0968  0.0731 0.5178
0.0000 1.4400 -0.0960  0.1456 0.5262
0.0000 1.5258 -0.0603  0.1382 0.5905
0.0000 1.5258 -0.0603  0.1382 0.5905
0.0423 1.5504 -0.0468  0.1086 0.6050
0.1040 1.4385 -0.0968  0.0731 0.5178
0.0210 1.5080 0.0397  0.4927 0.6027
0.0000 1.5054 0.0434  0.4609 0.6008
0.0000 1.4326 0.0807  0.4569 0.5405
0.0000 1.4326 0.0807  0.4569 0.5405
0.0652 1.4331 0.0857  0.5042 0.5314
0.0210 1.5080 0.0397  0.4927 0.6027
0.1088 1.1572 0.0760  0.5477 0.3261
0.1193 1.1537 0.0115  0.5936 0.3265
0.1394 1.2923 -0.0085  0.6130 0.4205
0.1394 1.2923 -0.0085  0.6130 0.4205
0.1296 1.2760 0.0898  0.5479 0.4091
0.1088 1.1572 0.0760  0.5477 0.3261
0.2020 1.3794 -0.0750  0.8967 0.5359
0.1845 1.3581 -0.0281  0.8774 0.5024
0.1560 1.3846 -0.0255  0.8995 0.4875
0.1560 1.3846 -0.0255  0.8995 0.4875
0.1620 1.4246 -0.0830  0.9360 0.5194
0.2020 1.3794 -0.0750  0.8967 0.5359
0.1620 1.4246 -0.0830  0.0406 0.5119
0.1040 1.4385 -0.0968  0.0731 0.5178
0.0871 1.5230 -0.0638  0.0823 0.5813
0.0871 1.5230 -0.0638  0.0823 0.5813
0.1695 1.5063 -0.0695  0.0284 0.5663
0.1620 1.4246 -0.0830  0.0406 0.5119
0.0772 1.1435 -0.0339  0.1081 0.3132
0.0000 1.1440 -0.0477  0.1683 0.3177
0.0000 1.3296 -0.0933  0.1564 0.4498
0.0000 1.3296 -0.0933  0.1564 0.4498
0.0977 1.3233 -0.0834  0.0898 0.4421
0.0772 1.1435 -0.0339  0.1081 0.3132
0.1652 1.4191 0.0238  0.9737 0.6363
0.2050 1.3859 0.0083  0.9354 0.6418
0.2402 1.4160 -0.0140  0.9224 0.6054
0.2402 1.4160 -0.0140  0.9224 0.6054
0.1781 1.5077 -0.0188  0.9939 0.5736
0.1652 1.4191 0.0238  0.9737 0.6363
0.1565 1.3569 0.0355  0.5886 0.4696
0.1296 1.2760 0.0898  0.5479 0.4091
0.1394 1.2923 -0.0085  0.6130 0.4205
0.1394 1.2923 -0.0085  0.6130 0.4205
0.1560 1.3846 -0.0255  0.6271 0.4883
0.1565 1.3569 0.0355  0.5886 0.4696
0.1067 1.5104 0.0058  0.5624 0.5908
0.1781 1.5077 -0.0188  0.6129 0.5782
0.1695 1.5063 -0.0695  0.6305 0.6052
0.1695 1.5063 -0.0695  0.6305 0.6052
0.0871 1.5230 -0.0638  0.5849 0.6370
0.1067 1.5104 0.0058  0.5624 0.5908
0.1067 1.5104 0.0058  0.5624 0.5908
0.0210 1.5080 0.0397  0.4927 0.6027
0.0652 1.4331 0.0857  0.5042 0.5314
0.0652 1.4331 0.0857  0.5042 0.5314
0.1398 1.4308 0.0456  0.5687 0.5235
0.1067 1.5104 0.0058  0.5624 0.5908
0.0503 1.5306 -0.0035  0.5338 0.6274
0.0423 1.5504 -0.0468  0.5561 0.6537
0.0307 1.5883 -0.0352  0.5451 0.6762
0.0307 1.5883 -0.0352  0.5451 0.6762
0.0483 1.5939 -0.0001  0.5188 0.6698
0.0503 1.5306 -0.0035  0.5338 0.6274
0.0000 1.5912 -0.0428  0.1324 0.6365
0.0307 1.5883 -0.0352  0.1113 0.6331
0.0423 1.5504 -0.0468  0.1086 0.6050
0.0423 1.5504 -0.0468  0.1086 0.6050
0.0000 1.5258 -0.0603  0.1382 0.5905
0.0000 1.5912 -0.0428  0.1324 0.6365
0.0292 1.5870 0.0427  0.4871 0.6586
0.0000 1.5829 0.0477  0.4642 0.6545
0.0000 1.5054 0.0434  0.4609 0.6008
0.0000 1.5054 0.0434  0.4609 0.6008
0.0210 1.5080 0.0397  0.4927 0.6027
0.0292 1.5870 0.0427  0.4871 0.6586
0.6030 0.9103 0.1184  0.2983 0.6782
0.5721 0.9897 0.1115  0.2465 0.6837
0.5735 0.9846 0.0307  0.2310 0.6266
0.5735 0.9846 0.0307  0.2310 0.6266
0.5945 0.9194 0.0535  0.2760 0.6338
0.6030 0.9103 0.1184  0.2983 0.6782
0.3564 1.2008 -0.0595  0.7427 0.5910
0.3227 1.2516 -0.0656  0.7825 0.5810
0.3517 1.2912 -0.0542  0.8019 0.6129
0.3517 1.2912 -0.0542  0.8019 0.6129
0.4021 1.2485 -0.0521  0.7602 0.6291
0.3564 1.2008 -0.0595  0.7427 0.5910
0.3359 1.1993 -0.0030  0.7259 0.5564
0.3564 1.2008 -0.0595  0.7427 0.5910
0.5159 1.0697 0.0202  0.6121 0.6715
0.5159 1.0697 0.0202  0.6121 0.6715
0.5043 1.0825 0.0607  0.5980 0.6429
0.3359 1.1993 -0.0030  0.7259 0.5564
0.4085 1.2604 -0.0044  0.7638 0.6600
0.3651 1.2434 0.0209  0.7847 0.6836
0.5176 1.1125 0.0680  0.6448 0.7260
0.5176 1.1125 0.0680  0.6448 0.7260
0.5278 1.1112 0.0172  0.6366 0.6904
0.4085 1.2604 -0.0044  0.7638 0.6600
0.3359 1.1993 -0.0030  0.7259 0.5564
0.3045 1.2447 -0.0172  0.7697 0.5460
0.3227 1.2516 -0.0656  0.7825 0.5810
0.3227 1.2516 -0.0656  0.7825 0.5810
0.3564 1.2008 -0.0595  0.7427 0.5910
0.3359 1.1993 -0.0030  0.7259 0.5564
0.5159 1.0697 0.0202  0.6121 0.6715
0.5579 1.0756 0.0282  0.6044 0.7010
0.5950 1.0025 0.0381  0.5491 0.7072
0.5950 1.0025 0.0381  0.5491 0.7072
0.5735 0.9846 0.0307  0.5418 0.6861
0.5159 1.0697 0.0202  0.6121 0.6715
0.5281 0.9722 0.1450  0.5914 0.8314
0.5367 0.9749 0.1504  0.5843 0.8251
0.5364 1.0392 0.1211  0.5956 0.7740
0.5364 1.0392 0.1211  0.5956 0.7740
0.5162 1.0314 0.1033  0.6157 0.7813
0.5281 0.9722 0.1450  0.5914 0.8314
0.5351 1.0047 0.0978  0.5532 0.8013
0.5607 1.0281 0.1142  0.5726 0.7692
0.5453 0.9699 0.1421  0.5777 0.8250
0.5453 0.9699 0.1421  0.5777 0.8250
0.5322 0.9671 0.1321  0.5689 0.8273
0.5351 1.0047 0.0978  0.5532 0.8013
0.5351 1.0047 0.0978  0.2245 0.6903
0.5322 0.9671 0.1321  0.2488 0.7118
0.5281 0.9722 0.1450  0.2462 0.7216
0.5281 0.9722 0.1450  0.2462 0.7216
0.5162 1.0314 0.1033  0.1986 0.6961
0.5351 1.0047 0.0978  0.2245 0.6903
0.3359 1.1993 -0.0030  0.7947 0.7221
0.3651 1.2434 0.0209  0.7847 0.6836
0.3355 1.2715 0.0107  0.8160 0.6733
0.3355 1.2715 0.0107  0.8160 0.6733
0.3045 1.2447 -0.0172  0.8296 0.7048
0.3359 1.1993 -0.0030  0.7947 0.7221
0.4085 1.2604 -0.0044  0.7638 0.6600
0.3487 1.2978 -0.0158  0.8100 0.6418
0.3355 1.2715 0.0107  0.8160 0.6733
0.3355 1.2715 0.0107  0.8160 0.6733
0.3651 1.2434 0.0209  0.7847 0.6836
0.4085 1.2604 -0.0044  0.7638 0.6600
0.5421 1.0822 0.0860  0.6154 0.7409
0.5579 1.0756 0.0282  0.6044 0.7010
0.5278 1.1112 0.0172  0.6366 0.6904
0.5278 1.1112 0.0172  0.6366 0.6904
0.5176 1.1125 0.0680  0.6448 0.7260
0.5421 1.0822 0.0860  0.6154 0.7409
0.5421 1.0822 0.0860  0.6154 0.7409
0.5364 1.0392 0.1211  0.5956 0.7740
0.5607 1.0281 0.1142  0.5726 0.7692
0.5607 1.0281 0.1142  0.5726 0.7692
0.5579 1.0756 0.0282  0.6044 0.7010
0.5421 1.0822 0.0860  0.6154 0.7409
0.5367 0.9749 0.1504  0.5843 0.8251
0.5453 0.9699 0.1421  0.5777 0.8250
0.5607 1.0281 0.1142  0.5726 0.7692
0.5607 1.0281 0.1142  0.5726 0.7692
0.5364 1.0392 0.1211  0.5956 0.7740
0.5367 0.9749 0.1504  0.5843 0.8251
0.5043 1.0825 0.0607  0.6469 0.7488
0.5162 1.0314 0.1033  0.6157 0.7813
0.5364 1.0392 0.1211  0.5956 0.7740
0.5364 1.0392 0.1211  0.5956 0.7740
0.5421 1.0822 0.0860  0.6154 0.7409
0.5043 1.0825 0.0607  0.6469 0.7488
0.5281 0.9722 0.1450  0.5914 0.8314
0.5322 0.9671 0.1321  0.5818 0.8368
0.5453 0.9699 0.1421  0.5777 0.8250
0.5453 0.9699 0.1421  0.5777 0.8250
0.5367 0.9749 0.1504  0.5843 0.8251
0.5281 0.9722 0.1450  0.5914 0.8314
0.3517 1.2912 -0.0542  0.8019 0.6129
0.2293 1.4205 -0.0622  0.9180 0.5676
0.2402 1.4160 -0.0140  0.9224 0.6054
0.2402 1.4160 -0.0140  0.9224 0.6054
0.3487 1.2978 -0.0158  0.8100 0.6418
0.3517 1.2912 -0.0542  0.8019 0.6129
0.3517 1.2912 -0.0542  0.8019 0.6129
0.3227 1.2516 -0.0656  0.7825 0.5810
0.2020 1.3794 -0.0750  0.8967 0.5359
0.2020 1.3794 -0.0750  0.8967 0.5359
0.2293 1.4205 -0.0622  0.9180 0.5676
0.3517 1.2912 -0.0542  0.8019 0.6129
0.3045 1.2447 -0.0172  0.7697 0.5460
0.1845 1.3581 -0.0281  0.8774 0.5024
0.2020 1.3794 -0.0750  0.8967 0.5359
0.2020 1.3794 -0.0750  0.8967 0.5359
0.3227 1.2516 -0.0656  0.7825 0.5810
0.3045 1.2447 -0.0172  0.7697 0.5460
0.3045 1.2447 -0.0172  0.8296 0.7048
0.3355 1.2715 0.0107  0.8160 0.6733
0.2050 1.3859 0.0083  0.9354 0.6418
0.2050 1.3859 0.0083  0.9354 0.6418
0.1845 1.3581 -0.0281  0.9392 0.6780
0.3045 1.2447 -0.0172  0.8296 0.7048
0.2402 1.4160 -0.0140  0.9224 0.6054
0.2050 1.3859 0.0083  0.9354 0.6418
0.3355 1.2715 0.0107  0.8160 0.6733
0.3355 1.2715 0.0107  0.8160 0.6733
0.3487 1.2978 -0.0158  0.8100 0.6418
0.2402 1.4160 -0.0140  0.9224 0.6054
0.5607 1.0281 0.1142  0.5726 0.7692
0.5351 1.0047 0.0978  0.5532 0.8013
0.5721 0.9897 0.1115  0.5372 0.7880
0.5721 0.9897 0.1115  0.5372 0.7880
0.5943 0.9921 0.1247  0.5349 0.7628
0.5607 1.0281 0.1142  0.5726 0.7692
0.5162 1.0314 0.1033  0.1986 0.6961
0.5043 1.0825 0.0607  0.1599 0.6729
0.5159 1.0697 0.0202  0.1662 0.6444
0.5159 1.0697 0.0202  0.1662 0.6444
0.5351 1.0047 0.0978  0.2245 0.6903
0.5162 1.0314 0.1033  0.1986 0.6961
0.5176 1.1125 0.0680  0.6448 0.7260
0.3651 1.2434 0.0209  0.7847 0.6836
0.3359 1.1993 -0.0030  0.7947 0.7221
0.3359 1.1993 -0.0030  0.7947 0.7221
0.5043 1.0825 0.0607  0.6469 0.7488
0.5176 1.1125 0.0680  0.6448 0.7260
0.3517 1.2912 -0.0542  0.8019 0.6129
0.3487 1.2978 -0.0158  0.8100 0.6418
0.4085 1.2604 -0.0044  0.7638 0.6600
0.4085 1.2604 -0.0044  0.7638 0.6600
0.4021 1.2485 -0.0521  0.7602 0.6291
0.3517 1.2912 -0.0542  0.8019 0.6129
0.5278 1.1112 0.0172  0.6366 0.6904
0.5159 1.0697 0.0202  0.6121 0.6715
0.3564 1.2008 -0.0595  0.7427 0.5910
0.3564 1.2008 -0.0595  0.7427 0.5910
0.4021 1.2485 -0.0521  0.7602 0.6291
0.5278 1.1112 0.0172  0.6366 0.6904
0.6098 0.9182 0.0521  0.4934 0.7100
0.5945 0.9194 0.0535  0.4957 0.7012
0.5735 0.9846 0.0307  0.5418 0.6861
0.5735 0.9846 0.0307  0.5418 0.6861
0.5950 1.0025 0.0381  0.5491 0.7072
0.6098 0.9182 0.0521  0.4934 0.7100
0.6098 0.9182 0.0521  0.4934 0.7100
0.6109 0.9133 0.1227  0.4830 0.7626
0.6030 0.9103 0.1184  0.4703 0.7593
0.6030 0.9103 0.1184  0.4703 0.7593
0.5945 0.9194 0.0535  0.4825 0.7084
0.6098 0.9182 0.0521  0.4934 0.7100
0.1596 0.9855 0.0977  0.5629 0.2059
0.0816 0.9681 0.1269  0.5085 0.1962
0.0743 0.8701 0.1330  0.5042 0.1296
0.0743 0.8701 0.1330  0.5042 0.1296
0.1607 0.8643 0.1082  0.5616 0.1263
0.1596 0.9855 0.0977  0.5629 0.2059
0.1781 1.5077 -0.0188  0.6129 0.5782
0.1067 1.5104 0.0058  0.5624 0.5908
0.1398 1.4308 0.0456  0.5687 0.5235
0.1398 1.4308 0.0456  0.5687 0.5235
0.1652 1.4191 0.0238  0.5894 0.5159
0.1781 1.5077 -0.0188  0.6129 0.5782
0.1652 1.4191 0.0238  0.5894 0.5159
0.1398 1.4308 0.0456  0.5687 0.5235
0.1565 1.3569 0.0355  0.5886 0.4696
0.1565 1.3569 0.0355  0.5886 0.4696
0.1560 1.3846 -0.0255  0.6271 0.4883
0.1652 1.4191 0.0238  0.5894 0.5159
0.0210 1.5080 0.0397  0.4927 0.6027
0.0503 1.5306 -0.0035  0.5338 0.6274
0.0483 1.5939 -0.0001  0.5188 0.6698
0.0483 1.5939 -0.0001  0.5188 0.6698
0.0292 1.5870 0.0427  0.4871 0.6586
0.0210 1.5080 0.0397  0.4927 0.6027
0.5721 0.9897 0.1115  0.2465 0.6837
0.5351 1.0047 0.0978  0.2245 0.6903
0.5159 1.0697 0.0202  0.1662 0.6444
0.5159 1.0697 0.0202  0.1662 0.6444
0.5735 0.9846 0.0307  0.2310 0.6266
0.5721 0.9897 0.1115  0.2465 0.6837
0.0565 1.7960 0.0626  0.3154 0.9147
-0.0087 1.8288 0.0521  0.2953 0.9622
-0.0102 1.7715 0.1233  0.2497 0.8983
-0.0102 1.7715 0.1233  0.2497 0.8983
0.0340 1.7389 0.1279  0.2737 0.8658
0.0565 1.7960 0.0626  0.3154 0.9147
0.0144 1.6946 0.1025  0.2581 0.8266
0.0567 1.6963 0.0870  0.2871 0.8220
0.0400 1.7144 0.1069  0.2747 0.8416
0.0400 1.7144 0.1069  0.2747 0.8416
0.0000 1.7145 0.1183  0.2453 0.8450
0.0144 1.6946 0.1025  0.2581 0.8266
0.1052 1.6646 0.0344  0.3620 0.8271
0.0951 1.7391 0.0497  0.3388 0.8736
0.0594 1.6948 0.1169  0.2952 0.8335
0.0594 1.6948 0.1169  0.2952 0.8335
0.0732 1.6500 0.0957  0.3166 0.8014
0.1052 1.6646 0.0344  0.3620 0.8271
0.0340 1.7389 0.1279  0.2737 0.8658
0.0594 1.6948 0.1169  0.2952 0.8335
0.0951 1.7391 0.0497  0.3388 0.8736
0.0951 1.7391 0.0497  0.3388 0.8736
0.0565 1.7960 0.0626  0.3154 0.9147
0.0340 1.7389 0.1279  0.2737 0.8658
0.0482 1.8140 -0.0318  0.3750 0.9503
-0.0087 1.8339 -0.0398  0.3736 0.9936
-0.0087 1.8288 0.0521  0.2953 0.9622
-0.0087 1.8288 0.0521  0.2953 0.9622
0.0565 1.7960 0.0626  0.3154 0.9147
0.0482 1.8140 -0.0318  0.3750 0.9503
0.0796 1.7599 -0.0614  0.4058 0.9144
0.0951 1.7391 0.0497  0.3388 0.8736
0.1052 1.6646 0.0344  0.3620 0.8271
0.1052 1.6646 0.0344  0.3620 0.8271
0.0831 1.6793 -0.0711  0.4301 0.8659
0.0796 1.7599 -0.0614  0.4058 0.9144
0.0831 1.6793 -0.0711  0.4301 0.8659
0.1052 1.6646 0.0344  0.3620 0.8271
0.0980 1.6038 0.0257  0.3814 0.7904
0.0980 1.6038 0.0257  0.3814 0.7904
0.0600 1.5890 -0.0639  0.4520 0.8051
0.0831 1.6793 -0.0711  0.4301 0.8659
0.0482 1.8140 -0.0318  0.3750 0.9503
0.0796 1.7599 -0.0614  0.4058 0.9144
0.0000 1.7858 -0.0870  0.4357 0.9679
0.0000 1.7858 -0.0870  0.4357 0.9679
-0.0087 1.8339 -0.0398  0.3736 0.9936
0.0482 1.8140 -0.0318  0.3750 0.9503
0.0000 1.6949 0.1173  0.2429 0.8291
0.0000 1.6558 0.1386  0.2405 0.8006
0.0178 1.6533 0.1110  0.2580 0.7942
0.0178 1.6533 0.1110  0.2580 0.7942
0.0144 1.6946 0.1025  0.2581 0.8266
0.0000 1.6949 0.1173  0.2429 0.8291
0.0293 1.5912 0.0899  0.2644 0.7504
0.0000 1.5816 0.1088  0.2359 0.7459
0.0000 1.5829 0.0477  0.2703 0.7133
0.0000 1.5829 0.0477  0.2703 0.7133
0.0292 1.5870 0.0427  0.2895 0.7268
0.0293 1.5912 0.0899  0.2644 0.7504
0.0732 1.6500 0.0957  0.3166 0.8014
0.0755 1.5938 0.0814  0.3446 0.7661
0.0980 1.6038 0.0257  0.3814 0.7904
0.0980 1.6038 0.0257  0.3814 0.7904
0.1052 1.6646 0.0344  0.3620 0.8271
0.0732 1.6500 0.0957  0.3166 0.8014
0.0000 1.6996 -0.1051  0.4848 0.9033
0.0000 1.7858 -0.0870  0.4357 0.9679
0.0796 1.7599 -0.0614  0.4058 0.9144
0.0796 1.7599 -0.0614  0.4058 0.9144
0.0831 1.6793 -0.0711  0.4301 0.8659
0.0000 1.6996 -0.1051  0.4848 0.9033
0.0616 1.6622 0.0811  0.2978 0.7985
0.0178 1.6533 0.1110  0.2580 0.7942
0.0316 1.6220 0.1035  0.2636 0.7727
0.0316 1.6220 0.1035  0.2636 0.7727
0.0609 1.6346 0.0566  0.3064 0.7709
0.0616 1.6622 0.0811  0.2978 0.7985
0.0178 1.6533 0.1110  0.2580 0.7942
0.0616 1.6622 0.0811  0.2978 0.7985
0.0567 1.6963 0.0870  0.2871 0.8220
0.0567 1.6963 0.0870  0.2871 0.8220
0.0144 1.6946 0.1025  0.2581 0.8266
0.0178 1.6533 0.1110  0.2580 0.7942
0.0178 1.6533 0.1110  0.2580 0.7942
0.0000 1.6449 0.1195  0.2391 0.7912
0.0000 1.6332 0.1227  0.2383 0.7847
0.0000 1.6332 0.1227  0.2383 0.7847
0.0316 1.6220 0.1035  0.2636 0.7727
0.0178 1.6533 0.1110  0.2580 0.7942
0.0600 1.5890 -0.0639  0.4520 0.8051
0.0307 1.5883 -0.0352  0.4577 0.7807
0.0000 1.5912 -0.0428  0.4870 0.7827
0.0000 1.5912 -0.0428  0.4870 0.7827
0.0000 1.6053 -0.0862  0.4966 0.8205
0.0600 1.5890 -0.0639  0.4520 0.8051
0.0400 1.7144 0.1069  0.2747 0.8416
0.0567 1.6963 0.0870  0.2871 0.8220
0.0594 1.6948 0.1169  0.2952 0.8335
0.0594 1.6948 0.1169  0.2952 0.8335
0.0340 1.7389 0.1279  0.2737 0.8658
0.0400 1.7144 0.1069  0.2747 0.8416
0.0609 1.6346 0.0566  0.3064 0.7709
0.0755 1.5938 0.0814  0.3446 0.7661
0.0732 1.6500 0.0957  0.3166 0.8014
0.0732 1.6500 0.0957  0.3166 0.8014
0.0616 1.6622 0.0811  0.2978 0.7985
0.0609 1.6346 0.0566  0.3064 0.7709
0.0951 1.7391 0.0497  0.3388 0.8736
0.0796 1.7599 -0.0614  0.4058 0.9144
0.0482 1.8140 -0.0318  0.3750 0.9503
0.0482 1.8140 -0.0318  0.3750 0.9503
0.0565 1.7960 0.0626  0.3154 0.9147
0.0951 1.7391 0.0497  0.3388 0.8736
0.0980 1.6038 0.0257  0.3814 0.7904
0.0755 1.5938 0.0814  0.3446 0.7661
0.0627 1.5403 0.0691  0.3681 0.7320
0.0627 1.5403 0.0691  0.3681 0.7320
0.0710 1.5683 0.0180  0.4017 0.7642
0.0980 1.6038 0.0257  0.3814 0.7904
0.0600 1.5890 -0.0639  0.4520 0.8051
0.0000 1.6053 -0.0862  0.4966 0.8205
0.0000 1.6996 -0.1051  0.4848 0.9033
0.0000 1.6996 -0.1051  0.4848 0.9033
0.0831 1.6793 -0.0711  0.4301 0.8659
0.0600 1.5890 -0.0639  0.4520 0.8051
0.0732 1.6500 0.0957  0.3166 0.8014
0.0594 1.6948 0.1169  0.2952 0.8335
0.0567 1.6963 0.0870  0.2871 0.8220
0.0567 1.6963 0.0870  0.2871 0.8220
0.0616 1.6622 0.0811  0.2978 0.7985
0.0732 1.6500 0.0957  0.3166 0.8014
0.0293 1.5912 0.0899  0.2644 0.7504
0.0316 1.6220 0.1035  0.2636 0.7727
0.0000 1.6093 0.1128  0.2370 0.7664
0.0000 1.6093 0.1128  0.2370 0.7664
0.0000 1.5816 0.1088  0.2359 0.7459
0.0293 1.5912 0.0899  0.2644 0.7504
0.0316 1.6220 0.1035  0.2636 0.7727
0.0293 1.5912 0.0899  0.2644 0.7504
0.0588 1.6131 0.0431  0.3108 0.7516
0.0588 1.6131 0.0431  0.3108 0.7516
0.0609 1.6346 0.0566  0.3064 0.7709
0.0316 1.6220 0.1035  0.2636 0.7727
0.0588 1.6131 0.0431  0.3108 0.7516
0.0293 1.5912 0.0899  0.2644 0.7504
0.0292 1.5870 0.0427  0.2895 0.7268
0.0292 1.5870 0.0427  0.2895 0.7268
0.0483 1.5939 -0.0001  0.3245 0.7170
0.0588 1.6131 0.0431  0.3108 0.7516
0.0743 0.8701 0.1330  0.5042 0.1296
0.0000 0.8708 0.1352  0.4586 0.1298
0.0000 0.7075 0.1271  0.4597 0.0182
0.0000 0.7075 0.1271  0.4597 0.0182
0.0761 0.7017 0.1262  0.5091 0.0155
0.0743 0.8701 0.1330  0.5042 0.1296
0.1343 0.7053 -0.0598  0.0735 0.0109
0.0678 0.7159 -0.0822  0.1206 0.0164
0.0899 0.9120 -0.1107  0.1099 0.1491
0.0899 0.9120 -0.1107  0.1099 0.1491
0.1559 0.8876 -0.0636  0.0615 0.1343
0.1343 0.7053 -0.0598  0.0735 0.0109
0.5721 0.9897 0.1115  0.5372 0.7880
0.6030 0.9103 0.1184  0.4821 0.7768
0.6109 0.9133 0.1227  0.4830 0.7626
0.6109 0.9133 0.1227  0.4830 0.7626
0.5943 0.9921 0.1247  0.5349 0.7628
0.5721 0.9897 0.1115  0.5372 0.7880
0.5943 0.9921 0.1247  0.5349 0.7628
0.6109 0.9133 0.1227  0.4830 0.7626
0.6098 0.9182 0.0521  0.4934 0.7100
0.6098 0.9182 0.0521  0.4934 0.7100
0.5950 1.0025 0.0381  0.5491 0.7072
0.5943 0.9921 0.1247  0.5349 0.7628
0.0736 1.3228 0.1522  0.4938 0.4379
0.0749 1.3843 0.1489  0.4983 0.4773
0.0000 1.3734 0.1280  0.4535 0.4816
0.0000 1.3734 0.1280  0.4535 0.4816
0.0642 1.2792 0.1380  0.4912 0.4087
0.0736 1.3228 0.1522  0.4938 0.4379
0.0588 1.6131 0.0431  0.4276 0.7311
0.0483 1.5939 -0.0001  0.4293 0.7626
0.0710 1.5683 0.0180  0.4017 0.7642
0.0710 1.5683 0.0180  0.4017 0.7642
0.0627 1.5403 0.0691  0.3681 0.7320
0.0588 1.6131 0.0431  0.4276 0.7311
0.0483 1.5939 -0.0001  0.4293 0.7626
0.0307 1.5883 -0.0352  0.4577 0.7807
0.0600 1.5890 -0.0639  0.4520 0.8051
0.0600 1.5890 -0.0639  0.4520 0.8051
0.0710 1.5683 0.0180  0.4017 0.7642
0.0483 1.5939 -0.0001  0.4293 0.7626
0.0743 0.8701 0.1330  0.5042 0.1296
0.0816 0.9681 0.1269  0.5085 0.1962
0.0000 0.9616 0.1323  0.4557 0.1924
0.0000 0.9616 0.1323  0.4557 0.1924
0.0000 0.8708 0.1352  0.4586 0.1298
0.0743 0.8701 0.1330  0.5042 0.1296
0.0000 0.9174 -0.0970  0.1628 0.1526
0.0899 0.9120 -0.1107  0.1099 0.1491
0.0678 0.7159 -0.0822  0.1206 0.0164
0.0678 0.7159 -0.0822  0.1206 0.0164
0.0000 0.7177 -0.0882  0.1651 0.0170
0.0000 0.9174 -0.0970  0.1628 0.1526
-0.1596 0.9855 0.0977  0.3522 0.2019
-0.0816 0.9681 0.1269  0.4031 0.1956
-0.0844 1.0594 0.1249  0.3932 0.2574
-0.0844 1.0594 0.1249  0.3932 0.2574
-0.1395 1.0673 0.0830  0.3447 0.2595
-0.1596 0.9855 0.0977  0.3522 0.2019
0.0000 1.0494 0.1434  0.4522 0.2525
-0.0844 1.0594 0.1249  0.3932 0.2574
-0.0816 0.9681 0.1269  0.4031 0.1956
-0.0816 0.9681 0.1269  0.4031 0.1956
0.0000 0.9616 0.1323  0.4557 0.1924
0.0000 1.0494 0.1434  0.4522 0.2525
-0.1395 1.0673 0.0830  0.3447 0.2595
-0.1505 1.0818 0.0120  0.2932 0.2685
-0.1799 0.9861 0.0166  0.3029 0.2011
-0.1799 0.9861 0.0166  0.3029 0.2011
-0.1596 0.9855 0.0977  0.3522 0.2019
-0.1395 1.0673 0.0830  0.3447 0.2595
-0.1505 1.0818 0.0120  0.2932 0.2685
-0.1193 1.1537 0.0115  0.2878 0.3251
-0.0772 1.1435 -0.0339  0.2325 0.3197
-0.0772 1.1435 -0.0339  0.2325 0.3197
-0.1033 1.0821 -0.0437  0.2404 0.2708
-0.1505 1.0818 0.0120  0.2932 0.2685
-0.0844 1.0594 0.1249  0.3932 0.2574
-0.0712 1.1595 0.1228  0.3932 0.3274
-0.1088 1.1572 0.0760  0.3443 0.3269
-0.1088 1.1572 0.0760  0.3443 0.3269
-0.1395 1.0673 0.0830  0.3447 0.2595
-0.0844 1.0594 0.1249  0.3932 0.2574
0.0000 1.0494 0.1434  0.4522 0.2525
0.0000 1.1561 0.1373  0.4488 0.3249
-0.0712 1.1595 0.1228  0.3932 0.3274
-0.0712 1.1595 0.1228  0.3932 0.3274
-0.0844 1.0594 0.1249  0.3932 0.2574
0.0000 1.0494 0.1434  0.4522 0.2525
-0.1395 1.0673 0.0830  0.3447 0.2595
-0.1088 1.1572 0.0760  0.3443 0.3269
-0.1193 1.1537 0.0115  0.2878 0.3251
-0.1193 1.1537 0.0115  0.2878 0.3251
-0.1505 1.0818 0.0120  0.2932 0.2685
-0.1395 1.0673 0.0830  0.3447 0.2595
-0.1886 0.8667 0.0162  0.3076 0.1206
-0.1607 0.8643 0.1082  0.3626 0.1216
-0.1596 0.9855 0.0977  0.3522 0.2019
-0.1596 0.9855 0.0977  0.3522 0.2019
-0.1799 0.9861 0.0166  0.3029 0.2011
-0.1886 0.8667 0.0162  0.3076 0.1206
-0.1511 0.9829 -0.0530  0.2617 0.1978
-0.1799 0.9861 0.0166  0.3029 0.2011
-0.1505 1.0818 0.0120  0.2932 0.2685
-0.1505 1.0818 0.0120  0.2932 0.2685
-0.1033 1.0821 -0.0437  0.2404 0.2708
-0.1511 0.9829 -0.0530  0.2617 0.1978
0.0000 1.1440 -0.0477  0.1683 0.3177
0.0000 1.0788 -0.0593  0.1686 0.2697
-0.1033 1.0821 -0.0437  0.2404 0.2708
-0.1033 1.0821 -0.0437  0.2404 0.2708
-0.0772 1.1435 -0.0339  0.2325 0.3197
0.0000 1.1440 -0.0477  0.1683 0.3177
-0.1607 0.8643 0.1082  0.3626 0.1216
-0.1426 0.7012 0.0978  0.3645 0.0111
-0.0761 0.7017 0.1262  0.4111 0.0129
-0.0761 0.7017 0.1262  0.4111 0.0129
-0.0743 0.8701 0.1330  0.4147 0.1279
-0.1607 0.8643 0.1082  0.3626 0.1216
-0.1607 0.8643 0.1082  0.3626 0.1216
-0.1886 0.8667 0.0162  0.3076 0.1206
-0.1704 0.7009 0.0204  0.3098 0.0083
-0.1704 0.7009 0.0204  0.3098 0.0083
-0.1426 0.7012 0.0978  0.3645 0.0111
-0.1607 0.8643 0.1082  0.3626 0.1216
-0.1343 0.7053 -0.0598  0.2520 0.0101
-0.1704 0.7009 0.0204  0.3098 0.0083
-0.1886 0.8667 0.0162  0.3076 0.1206
-0.1886 0.8667 0.0162  0.3076 0.1206
-0.1559 0.8876 -0.0636  0.2596 0.1333
-0.1343 0.7053 -0.0598  0.2520 0.0101
-0.1559 0.8876 -0.0636  0.2596 0.1333
-0.1511 0.9829 -0.0530  0.2617 0.1978
-0.0837 0.9901 -0.1069  0.2127 0.1991
-0.0837 0.9901 -0.1069  0.2127 0.1991
-0.0899 0.9120 -0.1107  0.2150 0.1492
-0.1559 0.8876 -0.0636  0.2596 0.1333
-0.0899 0.9120 -0.1107  0.2150 0.1492
-0.0837 0.9901 -0.1069  0.2127 0.1991
0.0000 0.9837 -0.0954  0.1640 0.1986
0.0000 0.9837 -0.0954  0.1640 0.1986
0.0000 0.9174 -0.0970  0.1628 0.1526
-0.0899 0.9120 -0.1107  0.2150 0.1492
-0.1033 1.0821 -0.0437  0.2404 0.2708
0.0000 1.0788 -0.0593  0.1686 0.2697
-0.0837 0.9901 -0.1069  0.2127 0.1991
-0.0837 0.9901 -0.1069  0.2127 0.1991
-0.1511 0.9829 -0.0530  0.2617 0.1978
-0.1033 1.0821 -0.0437  0.2404 0.2708
-0.1559 0.8876 -0.0636  0.2596 0.1333
-0.1886 0.8667 0.0162  0.3076 0.1206
-0.1799 0.9861 0.0166  0.3029 0.2011
-0.1799 0.9861 0.0166  0.3029 0.2011
-0.1511 0.9829 -0.0530  0.2617 0.1978
-0.1559 0.8876 -0.0636  0.2596 0.1333
-0.1296 1.2760 0.0898  0.3491 0.4131
-0.1088 1.1572 0.0760  0.3443 0.3269
-0.0712 1.1595 0.1228  0.3932 0.3274
-0.0712 1.1595 0.1228  0.3932 0.3274
-0.0642 1.2792 0.1380  0.4083 0.4109
-0.1296 1.2760 0.0898  0.3491 0.4131
-0.0712 1.1595 0.1228  0.3932 0.3274
0.0000 1.1561 0.1373  0.4488 0.3249
0.0000 1.2778 0.1442  0.4501 0.4093
0.0000 1.2778 0.1442  0.4501 0.4093
-0.0642 1.2792 0.1380  0.4083 0.4109
-0.0712 1.1595 0.1228  0.3932 0.3274
-0.1435 1.3778 0.1254  0.3675 0.4791
-0.0749 1.3843 0.1489  0.4079 0.4812
-0.0652 1.4331 0.0857  0.4085 0.5363
-0.0652 1.4331 0.0857  0.4085 0.5363
-0.1398 1.4308 0.0456  0.3414 0.5339
-0.1435 1.3778 0.1254  0.3675 0.4791
-0.1435 1.3778 0.1254  0.3675 0.4791
-0.1393 1.3167 0.1230  0.3631 0.4422
-0.0736 1.3228 0.1522  0.4078 0.4402
-0.0736 1.3228 0.1522  0.4078 0.4402
-0.0749 1.3843 0.1489  0.4079 0.4812
-0.1435 1.3778 0.1254  0.3675 0.4791
-0.0642 1.2792 0.1380  0.4083 0.4109
-0.0736 1.3228 0.1522  0.4078 0.4402
-0.1393 1.3167 0.1230  0.3631 0.4422
-0.1393 1.3167 0.1230  0.3631 0.4422
-0.1296 1.2760 0.0898  0.3491 0.4131
-0.0642 1.2792 0.1380  0.4083 0.4109
-0.2293 1.4205 -0.0622  0.9251 0.8111
-0.2402 1.4160 -0.0140  0.9045 0.7798
-0.1781 1.5077 -0.0188  0.9781 0.7594
-0.1781 1.5077 -0.0188  0.9781 0.7594
-0.1695 1.5063 -0.0695  0.9931 0.7868
-0.2293 1.4205 -0.0622  0.9251 0.8111
-0.1435 1.3778 0.1254  0.3675 0.4791
-0.1398 1.4308 0.0456  0.3414 0.5339
-0.1565 1.3569 0.0355  0.3124 0.4797
-0.1565 1.3569 0.0355  0.3124 0.4797
-0.1393 1.3167 0.1230  0.3631 0.4422
-0.1435 1.3778 0.1254  0.3675 0.4791
-0.1652 1.4191 0.0238  0.9250 0.7251
-0.2050 1.3859 0.0083  0.8918 0.7437
-0.1845 1.3581 -0.0281  0.8727 0.7143
-0.1845 1.3581 -0.0281  0.8727 0.7143
-0.1560 1.3846 -0.0255  0.8938 0.7006
-0.1652 1.4191 0.0238  0.9250 0.7251
-0.2293 1.4205 -0.0622  0.9251 0.8111
-0.1695 1.5063 -0.0695  0.9931 0.7868
-0.1620 1.4246 -0.0830  0.9691 0.8356
-0.1620 1.4246 -0.0830  0.9691 0.8356
-0.2020 1.3794 -0.0750  0.9293 0.8480
-0.2293 1.4205 -0.0622  0.9251 0.8111
-0.1193 1.1537 0.0115  0.2878 0.3251
-0.1394 1.2923 -0.0085  0.2829 0.4277
-0.0977 1.3233 -0.0834  0.2260 0.4521
-0.0977 1.3233 -0.0834  0.2260 0.4521
-0.0772 1.1435 -0.0339  0.2325 0.3197
-0.1193 1.1537 0.0115  0.2878 0.3251
-0.1040 1.4385 -0.0968  0.2165 0.5335
0.0000 1.4400 -0.0960  0.1456 0.5262
0.0000 1.3296 -0.0933  0.1564 0.4498
0.0000 1.3296 -0.0933  0.1564 0.4498
-0.0977 1.3233 -0.0834  0.2260 0.4521
-0.1040 1.4385 -0.0968  0.2165 0.5335
-0.0977 1.3233 -0.0834  0.2260 0.4521
-0.1560 1.3846 -0.0255  0.2780 0.5000
-0.1620 1.4246 -0.0830  0.2586 0.5324
-0.1620 1.4246 -0.0830  0.2586 0.5324
-0.1040 1.4385 -0.0968  0.2165 0.5335
-0.0977 1.3233 -0.0834  0.2260 0.4521
-0.0871 1.5230 -0.0638  0.3418 0.6501
-0.1067 1.5104 0.0058  0.3589 0.6028
-0.0503 1.5306 -0.0035  0.3919 0.6357
-0.0503 1.5306 -0.0035  0.3919 0.6357
-0.0423 1.5504 -0.0468  0.3724 0.6654
-0.0871 1.5230 -0.0638  0.3418 0.6501
0.0000 1.5258 -0.0603  0.1382 0.5905
0.0000 1.4400 -0.0960  0.1456 0.5262
-0.1040 1.4385 -0.0968  0.2165 0.5335
-0.1040 1.4385 -0.0968  0.2165 0.5335
-0.0423 1.5504 -0.0468  0.1643 0.6119
0.0000 1.5258 -0.0603  0.1382 0.5905
-0.0210 1.5080 0.0397  0.4296 0.6060
-0.0652 1.4331 0.0857  0.4085 0.5363
0.0000 1.4326 0.0807  0.4569 0.5405
0.0000 1.4326 0.0807  0.4569 0.5405
0.0000 1.5054 0.0434  0.4609 0.6008
-0.0210 1.5080 0.0397  0.4296 0.6060
-0.1088 1.1572 0.0760  0.3443 0.3269
-0.1296 1.2760 0.0898  0.3491 0.4131
-0.1394 1.2923 -0.0085  0.2829 0.4277
-0.1394 1.2923 -0.0085  0.2829 0.4277
-0.1193 1.1537 0.0115  0.2878 0.3251
-0.1088 1.1572 0.0760  0.3443 0.3269
-0.2020 1.3794 -0.0750  0.9293 0.8480
-0.1620 1.4246 -0.0830  0.9691 0.8356
-0.1560 1.3846 -0.0255  0.9624 0.8826
-0.1560 1.3846 -0.0255  0.9624 0.8826
-0.1845 1.3581 -0.0281  0.9365 0.8856
-0.2020 1.3794 -0.0750  0.9293 0.8480
-0.1620 1.4246 -0.0830  0.2586 0.5324
-0.1695 1.5063 -0.0695  0.2518 0.5877
-0.0871 1.5230 -0.0638  0.1971 0.5937
-0.0871 1.5230 -0.0638  0.1971 0.5937
-0.1040 1.4385 -0.0968  0.2165 0.5335
-0.1620 1.4246 -0.0830  0.2586 0.5324
-0.0772 1.1435 -0.0339  0.2325 0.3197
-0.0977 1.3233 -0.0834  0.2260 0.4521
0.0000 1.3296 -0.0933  0.1564 0.4498
0.0000 1.3296 -0.0933  0.1564 0.4498
0.0000 1.1440 -0.0477  0.1683 0.3177
-0.0772 1.1435 -0.0339  0.2325 0.3197
-0.1652 1.4191 0.0238  0.9250 0.7251
-0.1781 1.5077 -0.0188  0.9781 0.7594
-0.2402 1.4160 -0.0140  0.9045 0.7798
-0.2402 1.4160 -0.0140  0.9045 0.7798
-0.2050 1.3859 0.0083  0.8918 0.7437
-0.1652 1.4191 0.0238  0.9250 0.7251
-0.1394 1.2923 -0.0085  0.2829 0.4277
-0.1296 1.2760 0.0898  0.3491 0.4131
-0.1565 1.3569 0.0355  0.3124 0.4797
-0.1565 1.3569 0.0355  0.3124 0.4797
-0.1560 1.3846 -0.0255  0.2780 0.5000
-0.1394 1.2923 -0.0085  0.2829 0.4277
-0.1067 1.5104 0.0058  0.3589 0.6028
-0.0871 1.5230 -0.0638  0.3418 0.6501
-0.1695 1.5063 -0.0695  0.2926 0.6262
-0.1695 1.5063 -0.0695  0.2926 0.6262
-0.1781 1.5077 -0.0188  0.3047 0.5955
-0.1067 1.5104 0.0058  0.3589 0.6028
-0.1067 1.5104 0.0058  0.3589 0.6028
-0.1398 1.4308 0.0456  0.3414 0.5339
-0.0652 1.4331 0.0857  0.4085 0.5363
-0.0652 1.4331 0.0857  0.4085 0.5363
-0.0210 1.5080 0.0397  0.4296 0.6060
-0.1067 1.5104 0.0058  0.3589 0.6028
-0.0503 1.5306 -0.0035  0.3919 0.6357
-0.0483 1.5939 -0.0001  0.4117 0.6757
-0.0307 1.5883 -0.0352  0.3893 0.6861
-0.0307 1.5883 -0.0352  0.3893 0.6861
-0.0423 1.5504 -0.0468  0.3724 0.6654
-0.0503 1.5306 -0.0035  0.3919 0.6357
0.0000 1.5912 -0.0428  0.1324 0.6365
0.0000 1.5258 -0.0603  0.1382 0.5905
-0.0423 1.5504 -0.0468  0.1643 0.6119
-0.0423 1.5504 -0.0468  0.1643 0.6119
-0.0307 1.5883 -0.0352  0.1538 0.6384
0.0000 1.5912 -0.0428  0.1324 0.6365
-0.0292 1.5870 0.0427  0.4417 0.6611
-0.0210 1.5080 0.0397  0.4296 0.6060
0.0000 1.5054 0.0434  0.4609 0.6008
0.0000 1.5054 0.0434  0.4609 0.6008
0.0000 1.5829 0.0477  0.4642 0.6545
-0.0292 1.5870 0.0427  0.4417 0.6611
-0.6030 0.9103 0.1184  0.0137 0.6936
-0.5945 0.9194 0.0535  0.0336 0.6481
-0.5735 0.9846 0.0307  0.0783 0.6385
-0.5735 0.9846 0.0307  0.0783 0.6385
-0.5721 0.9897 0.1115  0.0657 0.6963
-0.6030 0.9103 0.1184  0.0137 0.6936
-0.3564 1.2008 -0.0595  0.7802 0.9043
-0.4021 1.2485 -0.0521  0.7687 0.8649
-0.3517 1.2912 -0.0542  0.8091 0.8494
-0.3517 1.2912 -0.0542  0.8091 0.8494
-0.3227 1.2516 -0.0656  0.8155 0.8864
-0.3564 1.2008 -0.0595  0.7802 0.9043
-0.3359 1.1993 -0.0030  0.7898 0.9418
-0.5043 1.0825 0.0607  0.6395 0.9583
-0.5159 1.0697 0.0202  0.6326 0.9292
-0.5159 1.0697 0.0202  0.6326 0.9292
-0.3564 1.2008 -0.0595  0.7802 0.9043
-0.3359 1.1993 -0.0030  0.7898 0.9418
-0.4085 1.2604 -0.0044  0.7510 0.8406
-0.5278 1.1112 0.0172  0.6376 0.8985
-0.5176 1.1125 0.0680  0.6219 0.8723
-0.5176 1.1125 0.0680  0.6219 0.8723
-0.3651 1.2434 0.0209  0.7493 0.8030
-0.4085 1.2604 -0.0044  0.7510 0.8406
-0.3359 1.1993 -0.0030  0.7898 0.9418
-0.3564 1.2008 -0.0595  0.7802 0.9043
-0.3227 1.2516 -0.0656  0.8155 0.8864
-0.3227 1.2516 -0.0656  0.8155 0.8864
-0.3045 1.2447 -0.0172  0.8283 0.9208
-0.3359 1.1993 -0.0030  0.7898 0.9418
-0.5159 1.0697 0.0202  0.6326 0.9292
-0.5735 0.9846 0.0307  0.5743 0.9657
-0.5950 1.0025 0.0381  0.5657 0.9489
-0.5950 1.0025 0.0381  0.5657 0.9489
-0.5579 1.0756 0.0282  0.6082 0.9141
-0.5159 1.0697 0.0202  0.6326 0.9292
-0.5281 0.9722 0.1450  0.5082 0.8333
-0.5162 1.0314 0.1033  0.5628 0.8494
-0.5364 1.0392 0.1211  0.5541 0.8687
-0.5364 1.0392 0.1211  0.5541 0.8687
-0.5367 0.9749 0.1504  0.5106 0.8411
-0.5281 0.9722 0.1450  0.5082 0.8333
-0.5351 1.0047 0.0978  0.5049 0.8777
-0.5322 0.9671 0.1321  0.5000 0.8451
-0.5453 0.9699 0.1421  0.5089 0.8459
-0.5453 0.9699 0.1421  0.5089 0.8459
-0.5607 1.0281 0.1142  0.5405 0.8888
-0.5351 1.0047 0.0978  0.5049 0.8777
-0.5351 1.0047 0.0978  0.0881 0.7018
-0.5162 1.0314 0.1033  0.1142 0.7062
-0.5281 0.9722 0.1450  0.0680 0.7342
-0.5281 0.9722 0.1450  0.0680 0.7342
-0.5322 0.9671 0.1321  0.0649 0.7245
-0.5351 1.0047 0.0978  0.0881 0.7018
-0.3359 1.1993 -0.0030  0.7312 0.7687
-0.3045 1.2447 -0.0172  0.7707 0.7598
-0.3355 1.2715 0.0107  0.7802 0.7932
-0.3355 1.2715 0.0107  0.7802 0.7932
-0.3651 1.2434 0.0209  0.7493 0.8030
-0.3359 1.1993 -0.0030  0.7312 0.7687
-0.4085 1.2604 -0.0044  0.7510 0.8406
-0.3651 1.2434 0.0209  0.7493 0.8030
-0.3355 1.2715 0.0107  0.7802 0.7932
-0.3355 1.2715 0.0107  0.7802 0.7932
-0.3487 1.2978 -0.0158  0.7961 0.8217
-0.4085 1.2604 -0.0044  0.7510 0.8406
-0.5421 1.0822 0.0860  0.5898 0.8792
-0.5176 1.1125 0.0680  0.6219 0.8723
-0.5278 1.1112 0.0172  0.6376 0.8985
-0.5278 1.1112 0.0172  0.6376 0.8985
-0.5579 1.0756 0.0282  0.6082 0.9141
-0.5421 1.0822 0.0860  0.5898 0.8792
-0.5579 1.0756 0.0282  0.6082 0.9141
-0.5950 1.0025 0.0381  0.5657 0.9489
-0.5943 0.9921 0.1247  0.5179 0.9185
-0.5943 0.9921 0.1247  0.5179 0.9185
-0.5607 1.0281 0.1142  0.5405 0.8888
-0.5579 1.0756 0.0282  0.6082 0.9141
-0.5607 1.0281 0.1142  0.5405 0.8888
-0.5453 0.9699 0.1421  0.5089 0.8459
-0.5367 0.9749 0.1504  0.5106 0.8411
-0.5367 0.9749 0.1504  0.5106 0.8411
-0.5364 1.0392 0.1211  0.5541 0.8687
-0.5607 1.0281 0.1142  0.5405 0.8888
-0.5043 1.0825 0.0607  0.6083 0.8536
-0.5421 1.0822 0.0860  0.5898 0.8792
-0.5364 1.0392 0.1211  0.5541 0.8687
-0.5364 1.0392 0.1211  0.5541 0.8687
-0.5162 1.0314 0.1033  0.5628 0.8494
-0.5043 1.0825 0.0607  0.6083 0.8536
-0.5281 0.9722 0.1450  0.5082 0.8333
-0.5367 0.9749 0.1504  0.5106 0.8411
-0.5453 0.9699 0.1421  0.5089 0.8459
-0.5453 0.9699 0.1421  0.5089 0.8459
-0.5322 0.9671 0.1321  0.5000 0.8451
-0.5281 0.9722 0.1450  0.5082 0.8333
-0.3517 1.2912 -0.0542  0.8091 0.8494
-0.3487 1.2978 -0.0158  0.7961 0.8217
-0.2402 1.4160 -0.0140  0.9045 0.7798
-0.2402 1.4160 -0.0140  0.9045 0.7798
-0.2293 1.4205 -0.0622  0.9251 0.8111
-0.3517 1.2912 -0.0542  0.8091 0.8494
-0.3517 1.2912 -0.0542  0.8091 0.8494
-0.2293 1.4205 -0.0622  0.9251 0.8111
-0.2020 1.3794 -0.0750  0.9293 0.8480
-0.2020 1.3794 -0.0750  0.9293 0.8480
-0.3227 1.2516 -0.0656  0.8155 0.8864
-0.3517 1.2912 -0.0542  0.8091 0.8494
-0.3045 1.2447 -0.0172  0.8283 0.9208
-0.3227 1.2516 -0.0656  0.8155 0.8864
-0.2020 1.3794 -0.0750  0.9293 0.8480
-0.2020 1.3794 -0.0750  0.9293 0.8480
-0.1845 1.3581 -0.0281  0.9365 0.8856
-0.3045 1.2447 -0.0172  0.8283 0.9208
-0.3045 1.2447 -0.0172  0.7707 0.7598
-0.1845 1.3581 -0.0281  0.8727 0.7143
-0.2050 1.3859 0.0083  0.8918 0.7437
-0.2050 1.3859 0.0083  0.8918 0.7437
-0.3355 1.2715 0.0107  0.7802 0.7932
-0.3045 1.2447 -0.0172  0.7707 0.7598
-0.2402 1.4160 -0.0140  0.9045 0.7798
-0.3487 1.2978 -0.0158  0.7961 0.8217
-0.3355 1.2715 0.0107  0.7802 0.7932
-0.3355 1.2715 0.0107  0.7802 0.7932
-0.2050 1.3859 0.0083  0.8918 0.7437
-0.2402 1.4160 -0.0140  0.9045 0.7798
-0.5607 1.0281 0.1142  0.5405 0.8888
-0.5943 0.9921 0.1247  0.5179 0.9185
-0.5721 0.9897 0.1115  0.5029 0.8990
-0.5721 0.9897 0.1115  0.5029 0.8990
-0.5351 1.0047 0.0978  0.5049 0.8777
-0.5607 1.0281 0.1142  0.5405 0.8888
-0.5162 1.0314 0.1033  0.1142 0.7062
-0.5351 1.0047 0.0978  0.0881 0.7018
-0.5159 1.0697 0.0202  0.1438 0.6529
-0.5159 1.0697 0.0202  0.1438 0.6529
-0.5043 1.0825 0.0607  0.1517 0.6811
-0.5162 1.0314 0.1033  0.1142 0.7062
-0.5176 1.1125 0.0680  0.6219 0.8723
-0.5043 1.0825 0.0607  0.6083 0.8536
-0.3359 1.1993 -0.0030  0.7312 0.7687
-0.3359 1.1993 -0.0030  0.7312 0.7687
-0.3651 1.2434 0.0209  0.7493 0.8030
-0.5176 1.1125 0.0680  0.6219 0.8723
-0.3517 1.2912 -0.0542  0.8091 0.8494
-0.4021 1.2485 -0.0521  0.7687 0.8649
-0.4085 1.2604 -0.0044  0.7510 0.8406
-0.4085 1.2604 -0.0044  0.7510 0.8406
-0.3487 1.2978 -0.0158  0.7961 0.8217
-0.3517 1.2912 -0.0542  0.8091 0.8494
-0.5278 1.1112 0.0172  0.6376 0.8985
-0.4021 1.2485 -0.0521  0.7687 0.8649
-0.3564 1.2008 -0.0595  0.7802 0.9043
-0.3564 1.2008 -0.0595  0.7802 0.9043
-0.5159 1.0697 0.0202  0.6326 0.9292
-0.5278 1.1112 0.0172  0.6376 0.8985
-0.6098 0.9182 0.0521  0.5248 0.9841
-0.5950 1.0025 0.0381  0.5657 0.9489
-0.5735 0.9846 0.0307  0.5743 0.9657
-0.5735 0.9846 0.0307  0.5743 0.9657
-0.5945 0.9194 0.0535  0.5337 0.9903
-0.6098 0.9182 0.0521  0.5248 0.9841
-0.6098 0.9182 0.0521  0.5248 0.9841
-0.5945 0.9194 0.0535  0.5190 0.9921
-0.6030 0.9103 0.1184  0.4747 0.9663
-0.6030 0.9103 0.1184  0.4747 0.9663
-0.6109 0.9133 0.1227  0.4816 0.9540
-0.6098 0.9182 0.0521  0.5248 0.9841
-0.1596 0.9855 0.0977  0.3522 0.2019
-0.1607 0.8643 0.1082  0.3626 0.1216
-0.0743 0.8701 0.1330  0.4147 0.1279
-0.0743 0.8701 0.1330  0.4147 0.1279
-0.0816 0.9681 0.1269  0.4031 0.1956
-0.1596 0.9855 0.0977  0.3522 0.2019
-0.1781 1.5077 -0.0188  0.3047 0.5955
-0.1652 1.4191 0.0238  0.3155 0.5290
-0.1398 1.4308 0.0456  0.3414 0.5339
-0.1398 1.4308 0.0456  0.3414 0.5339
-0.1067 1.5104 0.0058  0.3589 0.6028
-0.1781 1.5077 -0.0188  0.3047 0.5955
-0.1652 1.4191 0.0238  0.3155 0.5290
-0.1560 1.3846 -0.0255  0.2780 0.5000
-0.1565 1.3569 0.0355  0.3124 0.4797
-0.1565 1.3569 0.0355  0.3124 0.4797
-0.1398 1.4308 0.0456  0.3414 0.5339
-0.1652 1.4191 0.0238  0.3155 0.5290
-0.0210 1.5080 0.0397  0.4296 0.6060
-0.0292 1.5870 0.0427  0.4417 0.6611
-0.0483 1.5939 -0.0001  0.4117 0.6757
-0.0483 1.5939 -0.0001  0.4117 0.6757
-0.0503 1.5306 -0.0035  0.3919 0.6357
-0.0210 1.5080 0.0397  0.4296 0.6060
-0.5721 0.9897 0.1115  0.0657 0.6963
-0.5735 0.9846 0.0307  0.0783 0.6385
-0.5159 1.0697 0.0202  0.1438 0.6529
-0.5159 1.0697 0.0202  0.1438 0.6529
-0.5351 1.0047 0.0978  0.0881 0.7018
-0.5721 0.9897 0.1115  0.0657 0.6963
-0.0711 1.7916 0.0521  0.1789 0.9093
-0.0598 1.7689 0.0927  0.2037 0.8875
-0.0102 1.7715 0.1233  0.2459 0.8982
-0.0102 1.7715 0.1233  0.2459 0.8982
-0.0087 1.8288 0.0521  0.1996 0.9573
-0.0711 1.7916 0.0521  0.1789 0.9093
-0.0144 1.6946 0.1025  0.2269 0.8303
0.0000 1.7145 0.1183  0.2453 0.8450
-0.0529 1.7140 0.0963  0.2050 0.8472
-0.0529 1.7140 0.0963  0.2050 0.8472
-0.0567 1.6963 0.0870  0.1991 0.8318
-0.0144 1.6946 0.1025  0.2269 0.8303
-0.1052 1.6646 0.0139  0.1286 0.8281
-0.0748 1.6574 0.0721  0.1678 0.8059
-0.0742 1.7132 0.0842  0.1864 0.8463
-0.0742 1.7132 0.0842  0.1864 0.8463
-0.0951 1.7391 0.0292  0.1534 0.8752
-0.1052 1.6646 0.0139  0.1286 0.8281
-0.0598 1.7689 0.0927  0.2037 0.8875
-0.0711 1.7916 0.0521  0.1789 0.9093
-0.0951 1.7391 0.0292  0.1534 0.8752
-0.0951 1.7391 0.0292  0.1534 0.8752
-0.0742 1.7132 0.0842  0.1864 0.8463
-0.0598 1.7689 0.0927  0.2037 0.8875
-0.0569 1.8069 -0.0355  0.1231 0.9427
-0.0711 1.7916 0.0521  0.1789 0.9093
-0.0087 1.8288 0.0521  0.1996 0.9573
-0.0087 1.8288 0.0521  0.1996 0.9573
-0.0087 1.8339 -0.0398  0.1249 0.9831
-0.0569 1.8069 -0.0355  0.1231 0.9427
-0.0796 1.7599 -0.0614  0.0982 0.9122
-0.0831 1.6793 -0.0711  0.0739 0.8639
-0.1052 1.6646 0.0139  0.1286 0.8281
-0.1052 1.6646 0.0139  0.1286 0.8281
-0.0951 1.7391 0.0292  0.1534 0.8752
-0.0796 1.7599 -0.0614  0.0982 0.9122
-0.0831 1.6793 -0.0711  0.0739 0.8639
-0.0600 1.5890 -0.0639  0.0511 0.8075
-0.0980 1.6042 0.0093  0.1093 0.7915
-0.0980 1.6042 0.0093  0.1093 0.7915
-0.1052 1.6646 0.0139  0.1286 0.8281
-0.0831 1.6793 -0.0711  0.0739 0.8639
-0.0569 1.8069 -0.0355  0.1231 0.9427
-0.0087 1.8339 -0.0398  0.1249 0.9831
0.0000 1.7858 -0.0870  0.0649 0.9653
0.0000 1.7858 -0.0870  0.0649 0.9653
-0.0796 1.7599 -0.0614  0.0982 0.9122
-0.0569 1.8069 -0.0355  0.1231 0.9427
0.0000 1.6949 0.1173  0.2429 0.8291
-0.0144 1.6946 0.1025  0.2269 0.8303
-0.0178 1.6533 0.1110  0.2215 0.7985
-0.0178 1.6533 0.1110  0.2215 0.7985
0.0000 1.6558 0.1386  0.2405 0.8006
0.0000 1.6949 0.1173  0.2429 0.8291
-0.0293 1.5912 0.0899  0.2076 0.7540
-0.0292 1.5870 0.0427  0.1820 0.7315
0.0000 1.5829 0.0477  0.1996 0.7165
0.0000 1.5829 0.0477  0.1996 0.7165
0.0000 1.5816 0.1088  0.2359 0.7459
-0.0293 1.5912 0.0899  0.2076 0.7540
-0.0748 1.6574 0.0721  0.1678 0.8059
-0.1052 1.6646 0.0139  0.1286 0.8281
-0.0980 1.6042 0.0093  0.1093 0.7915
-0.0980 1.6042 0.0093  0.1093 0.7915
-0.0676 1.6007 0.0583  0.1402 0.7685
-0.0748 1.6574 0.0721  0.1678 0.8059
0.0000 1.6996 -0.1051  0.0189 0.9028
-0.0831 1.6793 -0.0711  0.0739 0.8639
-0.0796 1.7599 -0.0614  0.0982 0.9122
-0.0796 1.7599 -0.0614  0.0982 0.9122
0.0000 1.7858 -0.0870  0.0649 0.9653
0.0000 1.6996 -0.1051  0.0189 0.9028
-0.0616 1.6622 0.0811  0.1884 0.8046
-0.0609 1.6346 0.0566  0.1724 0.7817
-0.0316 1.6220 0.1035  0.2110 0.7766
-0.0316 1.6220 0.1035  0.2110 0.7766
-0.0178 1.6533 0.1110  0.2215 0.7985
-0.0616 1.6622 0.0811  0.1884 0.8046
-0.0178 1.6533 0.1110  0.2215 0.7985
-0.0144 1.6946 0.1025  0.2269 0.8303
-0.0567 1.6963 0.0870  0.1991 0.8318
-0.0567 1.6963 0.0870  0.1991 0.8318
-0.0616 1.6622 0.0811  0.1884 0.8046
-0.0178 1.6533 0.1110  0.2215 0.7985
-0.0178 1.6533 0.1110  0.2215 0.7985
-0.0316 1.6220 0.1035  0.2110 0.7766
0.0000 1.6332 0.1227  0.2383 0.7847
0.0000 1.6332 0.1227  0.2383 0.7847
0.0000 1.6449 0.1195  0.2391 0.7912
-0.0178 1.6533 0.1110  0.2215 0.7985
-0.0600 1.5890 -0.0639  0.0511 0.8075
0.0000 1.6053 -0.0862  0.0044 0.8225
0.0000 1.5912 -0.0428  0.0107 0.7850
0.0000 1.5912 -0.0428  0.0107 0.7850
-0.0307 1.5883 -0.0352  0.0393 0.7799
-0.0600 1.5890 -0.0639  0.0511 0.8075
-0.0633 1.7049 0.0695  0.1884 0.8371
-0.0567 1.6963 0.0870  0.1991 0.8318
-0.0529 1.7140 0.0963  0.2050 0.8472
-0.0529 1.7140 0.0963  0.2050 0.8472
-0.0486 1.7530 0.0931  0.2085 0.8754
-0.0633 1.7049 0.0695  0.1884 0.8371
-0.0609 1.6346 0.0566  0.1724 0.7817
-0.0616 1.6622 0.0811  0.1884 0.8046
-0.0668 1.6601 0.0581  0.1751 0.8006
-0.0668 1.6601 0.0581  0.1751 0.8006
-0.0609 1.6138 0.0313  0.1571 0.7580
-0.0609 1.6346 0.0566  0.1724 0.7817
-0.0951 1.7391 0.0292  0.1534 0.8752
-0.0711 1.7916 0.0521  0.1789 0.9093
-0.0569 1.8069 -0.0355  0.1231 0.9427
-0.0569 1.8069 -0.0355  0.1231 0.9427
-0.0796 1.7599 -0.0614  0.0982 0.9122
-0.0951 1.7391 0.0292  0.1534 0.8752
-0.0980 1.6042 0.0093  0.1093 0.7915
-0.0672 1.5666 0.0083  0.0884 0.7633
-0.0556 1.5486 0.0469  0.1139 0.7382
-0.0556 1.5486 0.0469  0.1139 0.7382
-0.0676 1.6007 0.0583  0.1402 0.7685
-0.0980 1.6042 0.0093  0.1093 0.7915
-0.0600 1.5890 -0.0639  0.0511 0.8075
-0.0831 1.6793 -0.0711  0.0739 0.8639
0.0000 1.6996 -0.1051  0.0189 0.9028
0.0000 1.6996 -0.1051  0.0189 0.9028
0.0000 1.6053 -0.0862  0.0044 0.8225
-0.0600 1.5890 -0.0639  0.0511 0.8075
-0.0567 1.6963 0.0870  0.1991 0.8318
-0.0633 1.7049 0.0695  0.1884 0.8371
-0.0668 1.6601 0.0581  0.1751 0.8006
-0.0668 1.6601 0.0581  0.1751 0.8006
-0.0616 1.6622 0.0811  0.1884 0.8046
-0.0567 1.6963 0.0870  0.1991 0.8318
-0.0293 1.5912 0.0899  0.2076 0.7540
0.0000 1.5816 0.1088  0.2359 0.7459
0.0000 1.6093 0.1128  0.2370 0.7664
0.0000 1.6093 0.1128  0.2370 0.7664
-0.0316 1.6220 0.1035  0.2110 0.7766
-0.0293 1.5912 0.0899  0.2076 0.7540
-0.0316 1.6220 0.1035  0.2110 0.7766
-0.0609 1.6346 0.0566  0.1724 0.7817
-0.0609 1.6138 0.0313  0.1571 0.7580
-0.0609 1.6138 0.0313  0.1571 0.7580
-0.0293 1.5912 0.0899  0.2076 0.7540
-0.0316 1.6220 0.1035  0.2110 0.7766
-0.0609 1.6138 0.0313  0.1571 0.7580
-0.0483 1.5939 -0.0001  0.1503 0.7217
-0.0292 1.5870 0.0427  0.1820 0.7315
-0.0292 1.5870 0.0427  0.1820 0.7315
-0.0293 1.5912 0.0899  0.2076 0.7540
-0.0609 1.6138 0.0313  0.1571 0.7580
-0.0057 1.7594 0.1140  0.2463 0.8828
-0.0486 1.7530 0.0931  0.2085 0.8754
-0.0529 1.7140 0.0963  0.2050 0.8472
-0.0529 1.7140 0.0963  0.2050 0.8472
0.0000 1.7145 0.1183  0.2453 0.8450
-0.0057 1.7594 0.1140  0.2463 0.8828
-0.0743 0.8701 0.1330  0.4147 0.1279
-0.0761 0.7017 0.1262  0.4111 0.0129
0.0000 0.7075 0.1271  0.4597 0.0182
0.0000 0.7075 0.1271  0.4597 0.0182
0.0000 0.8708 0.1352  0.4586 0.1298
-0.0743 0.8701 0.1330  0.4147 0.1279
-0.1343 0.7053 -0.0598  0.2520 0.0101
-0.1559 0.8876 -0.0636  0.2596 0.1333
-0.0899 0.9120 -0.1107  0.2150 0.1492
-0.0899 0.9120 -0.1107  0.2150 0.1492
-0.0678 0.7159 -0.0822  0.2077 0.0156
-0.1343 0.7053 -0.0598  0.2520 0.0101
-0.5721 0.9897 0.1115  0.5029 0.8990
-0.5943 0.9921 0.1247  0.5179 0.9185
-0.6109 0.9133 0.1227  0.4816 0.9540
-0.6109 0.9133 0.1227  0.4816 0.9540
-0.6030 0.9103 0.1184  0.4710 0.9443
-0.5721 0.9897 0.1115  0.5029 0.8990
-0.5943 0.9921 0.1247  0.5179 0.9185
-0.5950 1.0025 0.0381  0.5657 0.9489
-0.6098 0.9182 0.0521  0.5248 0.9841
-0.6098 0.9182 0.0521  0.5248 0.9841
-0.6109 0.9133 0.1227  0.4816 0.9540
-0.5943 0.9921 0.1247  0.5179 0.9185
-0.0736 1.3228 0.1522  0.4078 0.4402
-0.0642 1.2792 0.1380  0.4083 0.4109
0.0000 1.3734 0.1280  0.4535 0.4816
0.0000 1.3734 0.1280  0.4535 0.4816
-0.0749 1.3843 0.1489  0.4079 0.4812
-0.0736 1.3228 0.1522  0.4078 0.4402
-0.0609 1.6138 0.0313  0.1571 0.7580
-0.0556 1.5486 0.0469  0.1139 0.7382
-0.0672 1.5666 0.0083  0.1275 0.7222
-0.0672 1.5666 0.0083  0.1275 0.7222
-0.0483 1.5939 -0.0001  0.1503 0.7217
-0.0609 1.6138 0.0313  0.1571 0.7580
-0.0483 1.5939 -0.0001  0.0701 0.7624
-0.0672 1.5666 0.0083  0.0884 0.7633
-0.0600 1.5890 -0.0639  0.0511 0.8075
-0.0600 1.5890 -0.0639  0.0511 0.8075
-0.0307 1.5883 -0.0352  0.0393 0.7799
-0.0483 1.5939 -0.0001  0.0701 0.7624
-0.0743 0.8701 0.1330  0.4147 0.1279
0.0000 0.8708 0.1352  0.4586 0.1298
0.0000 0.9616 0.1323  0.4557 0.1924
0.0000 0.9616 0.1323  0.4557 0.1924
-0.0816 0.9681 0.1269  0.4031 0.1956
-0.0743 0.8701 0.1330  0.4147 0.1279
0.0000 0.9174 -0.0970  0.1628 0.1526
0.0000 0.7177 -0.0882  0.1651 0.0170
-0.0678 0.7159 -0.0822  0.2077 0.0156
-0.0678 0.7159 -0.0822  0.2077 0.0156
-0.0899 0.9120 -0.1107  0.2150 0.1492
0.0000 0.9174 -0.0970  0.1628 0.1526
0.0340 1.7389 0.1279  0.2737 0.8658
-0.0102 1.7715 0.1233  0.2497 0.8983
-0.0057 1.7594 0.1140  0.2463 0.8828
-0.0057 1.7594 0.1140  0.2463 0.8828
0.0400 1.7144 0.1069  0.2747 0.8416
0.0340 1.7389 0.1279  0.2737 0.8658
-0.0057 1.7594 0.1140  0.2463 0.8828
-0.0102 1.7715 0.1233  0.2459 0.8982
-0.0598 1.7689 0.0927  0.2037 0.8875
-0.0598 1.7689 0.0927  0.2037 0.8875
-0.0486 1.7530 0.0931  0.2085 0.8754
-0.0057 1.7594 0.1140  0.2463 0.8828
0.0000 1.3734 0.1280  0.4535 0.4816
0.0652 1.4331 0.0857  0.5042 0.5314
0.0000 1.4326 0.0807  0.4569 0.5405
0.0000 1.2778 0.1442  0.4501 0.4093
0.0642 1.2792 0.1380  0.4912 0.4087
0.0000 1.3734 0.1280  0.4535 0.4816
0.0000 1.3734 0.1280  0.4535 0.4816
-0.0652 1.4331 0.0857  0.4085 0.5363
-0.0749 1.3843 0.1489  0.4079 0.4812
0.0000 1.2778 0.1442  0.4501 0.4093
0.0000 1.3734 0.1280  0.4535 0.4816
-0.0642 1.2792 0.1380  0.4083 0.4109
0.0652 1.4331 0.0857  0.5042 0.5314
0.0000 1.3734 0.1280  0.4535 0.4816
0.0749 1.3843 0.1489  0.4983 0.4773
0.1560 1.3846 -0.0255  0.0251 0.4694
0.1394 1.2923 -0.0085  0.0398 0.4057
0.0977 1.3233 -0.0834  0.0898 0.4421
0.5176 1.1125 0.0680  0.6448 0.7260
0.5043 1.0825 0.0607  0.6469 0.7488
0.5421 1.0822 0.0860  0.6154 0.7409
0.5159 1.0697 0.0202  0.6121 0.6715
0.5278 1.1112 0.0172  0.6366 0.6904
0.5579 1.0756 0.0282  0.6044 0.7010
0.4021 1.2485 -0.0521  0.7602 0.6291
0.4085 1.2604 -0.0044  0.7638 0.6600
0.5278 1.1112 0.0172  0.6366 0.6904
0.1296 1.2760 0.0898  0.5479 0.4091
0.1565 1.3569 0.0355  0.5886 0.4696
0.1393 1.3167 0.1230  0.5379 0.4357
0.1040 1.4385 -0.0968  0.0731 0.5178
0.0423 1.5504 -0.0468  0.1086 0.6050
0.0871 1.5230 -0.0638  0.0823 0.5813
0.0600 1.5890 -0.0639  0.4520 0.8051
0.0980 1.6038 0.0257  0.3814 0.7904
0.0710 1.5683 0.0180  0.4017 0.7642
0.0588 1.6131 0.0431  0.3108 0.7516
0.0627 1.5403 0.0691  0.3681 0.7320
0.0755 1.5938 0.0814  0.3446 0.7661
0.0144 1.6946 0.1025  0.2581 0.8266
0.0000 1.7145 0.1183  0.2453 0.8450
0.0000 1.6949 0.1173  0.2429 0.8291
0.0000 1.7145 0.1183  0.2453 0.8450
0.0400 1.7144 0.1069  0.2747 0.8416
-0.0057 1.7594 0.1140  0.2463 0.8828
0.0588 1.6131 0.0431  0.3108 0.7516
0.0755 1.5938 0.0814  0.3446 0.7661
0.0609 1.6346 0.0566  0.3064 0.7709
0.0000 1.6332 0.1227  0.2383 0.7847
0.0000 1.6093 0.1128  0.2370 0.7664
0.0316 1.6220 0.1035  0.2636 0.7727
0.0178 1.6533 0.1110  0.2580 0.7942
0.0000 1.6558 0.1386  0.2405 0.8006
0.0000 1.6449 0.1195  0.2391 0.7912
0.1067 1.5104 0.0058  0.5624 0.5908
0.0503 1.5306 -0.0035  0.5338 0.6274
0.0210 1.5080 0.0397  0.4927 0.6027
0.0837 0.9901 -0.1069  0.1140 0.1990
0.0000 0.9837 -0.0954  0.1640 0.1986
0.0000 1.0788 -0.0593  0.1686 0.2697
-0.0652 1.4331 0.0857  0.4085 0.5363
0.0000 1.3734 0.1280  0.4535 0.4816
0.0000 1.4326 0.0807  0.4569 0.5405
-0.1560 1.3846 -0.0255  0.2780 0.5000
-0.0977 1.3233 -0.0834  0.2260 0.4521
-0.1394 1.2923 -0.0085  0.2829 0.4277
-0.5176 1.1125 0.0680  0.6219 0.8723
-0.5421 1.0822 0.0860  0.5898 0.8792
-0.5043 1.0825 0.0607  0.6083 0.8536
-0.5159 1.0697 0.0202  0.6326 0.9292
-0.5579 1.0756 0.0282  0.6082 0.9141
-0.5278 1.1112 0.0172  0.6376 0.8985
-0.4021 1.2485 -0.0521  0.7687 0.8649
-0.5278 1.1112 0.0172  0.6376 0.8985
-0.4085 1.2604 -0.0044  0.7510 0.8406
-0.1296 1.2760 0.0898  0.3491 0.4131
-0.1393 1.3167 0.1230  0.3631 0.4422
-0.1565 1.3569 0.0355  0.3124 0.4797
-0.1040 1.4385 -0.0968  0.2165 0.5335
-0.0871 1.5230 -0.0638  0.1971 0.5937
-0.0423 1.5504 -0.0468  0.1643 0.6119
-0.0600 1.5890 -0.0639  0.0511 0.8075
-0.0672 1.5666 0.0083  0.0884 0.7633
-0.0980 1.6042 0.0093  0.1093 0.7915
-0.0609 1.6138 0.0313  0.1571 0.7580
-0.0676 1.6007 0.0583  0.1402 0.7685
-0.0556 1.5486 0.0469  0.1139 0.7382
-0.0144 1.6946 0.1025  0.2269 0.8303
0.0000 1.6949 0.1173  0.2429 0.8291
0.0000 1.7145 0.1183  0.2453 0.8450
0.0000 1.6332 0.1227  0.2383 0.7847
-0.0316 1.6220 0.1035  0.2110 0.7766
0.0000 1.6093 0.1128  0.2370 0.7664
-0.0178 1.6533 0.1110  0.2215 0.7985
0.0000 1.6449 0.1195  0.2391 0.7912
0.0000 1.6558 0.1386  0.2405 0.8006
-0.1067 1.5104 0.0058  0.3589 0.6028
-0.0210 1.5080 0.0397  0.4296 0.6060
-0.0503 1.5306 -0.0035  0.3919 0.6357
-0.0837 0.9901 -0.1069  0.2127 0.1991
0.0000 1.0788 -0.0593  0.1686 0.2697
0.0000 0.9837 -0.0954  0.1640 0.1986
0.1780 -0.0002 0.0212  0.9019 0.9208
0.0814 0.0005 0.0399  0.9132 0.9885
0.0885 0.0482 -0.0306  0.8538 0.9843
0.0885 0.0482 -0.0306  0.8538 0.9843
0.1495 0.0450 -0.0423  0.8478 0.9413
0.1780 -0.0002 0.0212  0.9019 0.9208
0.1037 0.0023 -0.0391  0.8206 0.9756
0.0973 0.0023 -0.0739  0.7960 0.9751
0.1201 0.0023 -0.0828  0.7931 0.9583
0.1201 0.0023 -0.0828  0.7931 0.9583
0.1258 0.0023 -0.0461  0.8189 0.9596
0.1037 0.0023 -0.0391  0.8206 0.9756
0.1780 -0.0002 0.0212  0.7136 0.0146
0.1495 0.0450 -0.0423  0.7496 0.0455
0.1462 0.1072 -0.0379  0.7464 0.0899
0.1462 0.1072 -0.0379  0.7464 0.0899
0.1579 0.0565 0.0459  0.6919 0.0469
0.1780 -0.0002 0.0212  0.7136 0.0146
0.0793 0.1135 -0.0291  0.8509 0.0811
0.0964 0.1318 -0.0825  0.8144 0.0970
0.0876 0.0565 -0.0944  0.8128 0.0460
0.0876 0.0565 -0.0944  0.8128 0.0460
0.0885 0.0482 -0.0306  0.8503 0.0413
0.0793 0.1135 -0.0291  0.8509 0.0811
0.0619 0.3750 -0.0870  0.8712 0.2484
0.0512 0.3373 -0.0241  0.9035 0.2194
0.0604 0.4757 -0.0098  0.9194 0.3059
0.0604 0.4757 -0.0098  0.9194 0.3059
0.0687 0.5207 -0.0517  0.8931 0.3405
0.0619 0.3750 -0.0870  0.8712 0.2484
0.0374 0.5278 0.0090  0.6964 0.3939
0.0604 0.4757 -0.0098  0.6968 0.3584
0.0885 0.4754 0.0492  0.7397 0.3607
0.0885 0.4754 0.0492  0.7397 0.3607
0.0778 0.5179 0.0691  0.7410 0.3927
0.0374 0.5278 0.0090  0.6964 0.3939
0.1225 0.5189 0.0601  0.7685 0.3858
0.0778 0.5179 0.0691  0.7410 0.3927
0.0885 0.4754 0.0492  0.7397 0.3607
0.0885 0.4754 0.0492  0.7397 0.3607
0.1340 0.4841 0.0356  0.7735 0.3567
0.1225 0.5189 0.0601  0.7685 0.3858
0.0964 0.1318 -0.0825  0.8144 0.0970
0.0793 0.1135 -0.0291  0.8509 0.0811
0.0512 0.3373 -0.0241  0.9035 0.2194
0.0512 0.3373 -0.0241  0.9035 0.2194
0.0619 0.3750 -0.0870  0.8712 0.2484
0.0964 0.1318 -0.0825  0.8144 0.0970
0.1462 0.1072 -0.0379  0.7464 0.0899
0.1495 0.0450 -0.0423  0.7496 0.0455
0.1282 0.0574 -0.1048  0.7890 0.0467
0.1282 0.0574 -0.1048  0.7890 0.0467
0.1311 0.1313 -0.0843  0.7891 0.1011
0.1462 0.1072 -0.0379  0.7464 0.0899
0.0876 0.0565 -0.0944  0.8128 0.0460
0.0964 0.1318 -0.0825  0.8144 0.0970
0.1311 0.1313 -0.0843  0.7891 0.1011
0.1311 0.1313 -0.0843  0.7891 0.1011
0.1282 0.0574 -0.1048  0.7890 0.0467
0.0876 0.0565 -0.0944  0.8128 0.0460
0.1139 0.0057 0.1347  0.6398 0.0200
0.1145 0.0317 0.1296  0.6502 0.0262
0.0972 0.0584 0.0452  0.6605 0.0707
0.0972 0.0584 0.0452  0.6605 0.0707
0.0814 0.0005 0.0399  0.6282 0.0641
0.1139 0.0057 0.1347  0.6398 0.0200
0.1188 0.5330 -0.0581  0.8596 0.3586
0.1479 0.5330 -0.0022  0.8155 0.3761
0.1667 0.3915 -0.0572  0.8054 0.2758
0.1667 0.3915 -0.0572  0.8054 0.2758
0.1240 0.3831 -0.1048  0.8375 0.2601
0.1188 0.5330 -0.0581  0.8596 0.3586
0.0687 0.5207 -0.0517  0.8931 0.3405
0.1188 0.5330 -0.0581  0.8596 0.3586
0.1240 0.3831 -0.1048  0.8375 0.2601
0.1240 0.3831 -0.1048  0.8375 0.2601
0.0619 0.3750 -0.0870  0.8712 0.2484
0.0687 0.5207 -0.0517  0.8931 0.3405
0.0885 0.4754 0.0492  0.7397 0.3607
0.0604 0.4757 -0.0098  0.6968 0.3584
0.0512 0.3373 -0.0241  0.6786 0.2728
0.0512 0.3373 -0.0241  0.6786 0.2728
0.1112 0.3257 0.0298  0.7255 0.2602
0.0885 0.4754 0.0492  0.7397 0.3607
0.1112 0.3257 0.0298  0.7255 0.2602
0.1682 0.3484 -0.0066  0.7691 0.2619
0.1340 0.4841 0.0356  0.7735 0.3567
0.1340 0.4841 0.0356  0.7735 0.3567
0.0885 0.4754 0.0492  0.7397 0.3607
0.1112 0.3257 0.0298  0.7255 0.2602
0.1479 0.5330 -0.0022  0.8155 0.3761
0.1340 0.4841 0.0356  0.7735 0.3567
0.1682 0.3484 -0.0066  0.7691 0.2619
0.1682 0.3484 -0.0066  0.7691 0.2619
0.1667 0.3915 -0.0572  0.8054 0.2758
0.1479 0.5330 -0.0022  0.8155 0.3761
0.0687 0.5207 -0.0517  0.8931 0.3405
0.0660 0.5885 -0.0423  0.9096 0.3874
0.1234 0.5922 -0.0497  0.8694 0.4035
0.1234 0.5922 -0.0497  0.8694 0.4035
0.1188 0.5330 -0.0581  0.8596 0.3586
0.0687 0.5207 -0.0517  0.8931 0.3405
0.0687 0.5207 -0.0517  0.8931 0.3405
0.0374 0.5278 0.0090  0.9406 0.3381
0.0309 0.5737 0.0057  0.9459 0.3673
0.0309 0.5737 0.0057  0.9459 0.3673
0.0660 0.5885 -0.0423  0.9096 0.3874
0.0687 0.5207 -0.0517  0.8931 0.3405
0.1234 0.5922 -0.0497  0.8694 0.4035
0.1483 0.5889 0.0074  0.8247 0.4172
0.1479 0.5330 -0.0022  0.8155 0.3761
0.1479 0.5330 -0.0022  0.8155 0.3761
0.1188 0.5330 -0.0581  0.8596 0.3586
0.1234 0.5922 -0.0497  0.8694 0.4035
0.0972 0.0584 0.0452  0.6605 0.0707
0.1145 0.0317 0.1296  0.6502 0.0262
0.1614 0.0297 0.1213  0.6651 0.0187
0.1614 0.0297 0.1213  0.6651 0.0187
0.1579 0.0565 0.0459  0.6919 0.0469
0.0972 0.0584 0.0452  0.6605 0.0707
0.1780 -0.0002 0.0212  0.7136 0.0146
0.1579 0.0565 0.0459  0.6919 0.0469
0.1614 0.0297 0.1213  0.6651 0.0187
0.1614 0.0297 0.1213  0.6651 0.0187
0.1667 0.0057 0.1213  0.6638 0.0067
0.1780 -0.0002 0.0212  0.7136 0.0146
0.0814 0.0005 0.0399  0.9132 0.9885
0.1780 -0.0002 0.0212  0.9019 0.9208
0.1667 0.0057 0.1213  0.9716 0.9306
0.1667 0.0057 0.1213  0.9716 0.9306
0.1139 0.0057 0.1347  0.9799 0.9676
0.0814 0.0005 0.0399  0.9132 0.9885
0.0814 0.0005 0.0399  0.6282 0.0641
0.0972 0.0584 0.0452  0.6605 0.0707
0.0793 0.1135 -0.0291  0.6681 0.1259
0.0793 0.1135 -0.0291  0.6681 0.1259
0.0885 0.0482 -0.0306  0.6346 0.1111
0.0814 0.0005 0.0399  0.6282 0.0641
0.1667 0.0057 0.1213  0.6638 0.0067
0.1614 0.0297 0.1213  0.6651 0.0187
0.1145 0.0317 0.1296  0.6502 0.0262
0.1145 0.0317 0.1296  0.6502 0.0262
0.1139 0.0057 0.1347  0.6398 0.0200
0.1667 0.0057 0.1213  0.6638 0.0067
0.1483 0.5889 0.0074  0.8247 0.4172
0.1258 0.5819 0.0648  0.7804 0.4272
0.1225 0.5189 0.0601  0.7685 0.3858
0.1225 0.5189 0.0601  0.7685 0.3858
0.1479 0.5330 -0.0022  0.8155 0.3761
0.1483 0.5889 0.0074  0.8247 0.4172
0.0728 0.5764 0.0788  0.7428 0.4298
0.0309 0.5737 0.0057  0.6895 0.4225
0.0374 0.5278 0.0090  0.6964 0.3939
0.0374 0.5278 0.0090  0.6964 0.3939
0.0778 0.5179 0.0691  0.7410 0.3927
0.0728 0.5764 0.0788  0.7428 0.4298
0.0728 0.5764 0.0788  0.7428 0.4298
0.0778 0.5179 0.0691  0.7410 0.3927
0.1225 0.5189 0.0601  0.7685 0.3858
0.1225 0.5189 0.0601  0.7685 0.3858
0.1258 0.5819 0.0648  0.7804 0.4272
0.0728 0.5764 0.0788  0.7428 0.4298
0.1495 0.0450 -0.0423  0.8478 0.9413
0.0885 0.0482 -0.0306  0.8538 0.9843
0.1037 0.0023 -0.0391  0.8206 0.9756
0.1037 0.0023 -0.0391  0.8206 0.9756
0.1258 0.0023 -0.0461  0.8189 0.9596
0.1495 0.0450 -0.0423  0.8478 0.9413
0.0885 0.0482 -0.0306  0.8503 0.0413
0.0876 0.0565 -0.0944  0.8128 0.0460
0.0973 0.0023 -0.0739  0.8120 0.0116
0.0973 0.0023 -0.0739  0.8120 0.0116
0.1037 0.0023 -0.0391  0.8378 0.0081
0.0885 0.0482 -0.0306  0.8503 0.0413
0.0876 0.0565 -0.0944  0.8128 0.0460
0.1282 0.0574 -0.1048  0.7890 0.0467
0.1201 0.0023 -0.0828  0.7877 0.0132
0.1201 0.0023 -0.0828  0.7877 0.0132
0.0973 0.0023 -0.0739  0.8120 0.0116
0.0876 0.0565 -0.0944  0.8128 0.0460
0.1282 0.0574 -0.1048  0.7890 0.0467
0.1495 0.0450 -0.0423  0.7496 0.0455
0.1258 0.0023 -0.0461  0.7596 0.0118
0.1258 0.0023 -0.0461  0.7596 0.0118
0.1201 0.0023 -0.0828  0.7877 0.0132
0.1282 0.0574 -0.1048  0.7890 0.0467
0.1234 0.5922 -0.0497  0.8694 0.4035
0.0660 0.5885 -0.0423  0.9096 0.3874
0.0584 0.7098 -0.0525  0.9412 0.4630
0.0584 0.7098 -0.0525  0.9412 0.4630
0.1343 0.7053 -0.0598  0.8965 0.4785
0.1234 0.5922 -0.0497  0.8694 0.4035
0.0309 0.5737 0.0057  0.9459 0.3673
0.0251 0.7066 0.0276  0.9891 0.4401
0.0584 0.7098 -0.0525  0.9412 0.4630
0.0584 0.7098 -0.0525  0.9412 0.4630
0.0660 0.5885 -0.0423  0.9096 0.3874
0.0309 0.5737 0.0057  0.9459 0.3673
0.1483 0.5889 0.0074  0.8247 0.4172
0.1234 0.5922 -0.0497  0.8694 0.4035
0.1343 0.7053 -0.0598  0.8965 0.4785
0.1343 0.7053 -0.0598  0.8965 0.4785
0.1704 0.7009 0.0204  0.8435 0.4954
0.1483 0.5889 0.0074  0.8247 0.4172
0.1258 0.5819 0.0648  0.7804 0.4272
0.1483 0.5889 0.0074  0.8247 0.4172
0.1704 0.7009 0.0204  0.8435 0.4954
0.1704 0.7009 0.0204  0.8435 0.4954
0.1426 0.7012 0.0978  0.7938 0.5119
0.1258 0.5819 0.0648  0.7804 0.4272
0.0251 0.7066 0.0276  0.6872 0.5098
0.0309 0.5737 0.0057  0.6895 0.4225
0.0728 0.5764 0.0788  0.7428 0.4298
0.0728 0.5764 0.0788  0.7428 0.4298
0.0715 0.6995 0.1072  0.7469 0.5140
0.0251 0.7066 0.0276  0.6872 0.5098
0.1426 0.7012 0.0978  0.7938 0.5119
0.0715 0.6995 0.1072  0.7469 0.5140
0.0728 0.5764 0.0788  0.7428 0.4298
0.0728 0.5764 0.0788  0.7428 0.4298
0.1258 0.5819 0.0648  0.7804 0.4272
0.1426 0.7012 0.0978  0.7938 0.5119
0.1188 0.1415 0.0067  0.7114 0.1229
0.1112 0.3257 0.0298  0.7255 0.2602
0.0512 0.3373 -0.0241  0.6786 0.2728
0.0512 0.3373 -0.0241  0.6786 0.2728
0.0793 0.1135 -0.0291  0.6681 0.1259
0.1188 0.1415 0.0067  0.7114 0.1229
0.1188 0.1415 0.0067  0.7114 0.1229
0.0793 0.1135 -0.0291  0.6681 0.1259
0.0972 0.0584 0.0452  0.6605 0.0707
0.0972 0.0584 0.0452  0.6605 0.0707
0.1579 0.0565 0.0459  0.6919 0.0469
0.1188 0.1415 0.0067  0.7114 0.1229
0.1188 0.1415 0.0067  0.7114 0.1229
0.1462 0.1072 -0.0379  0.7464 0.0899
0.1682 0.3484 -0.0066  0.7691 0.2619
0.1682 0.3484 -0.0066  0.7691 0.2619
0.1112 0.3257 0.0298  0.7255 0.2602
0.1188 0.1415 0.0067  0.7114 0.1229
0.0000 0.7177 -0.0882  0.9906 0.1727
0.0678 0.7159 -0.0822  0.9400 0.1685
0.0584 0.7098 -0.0525  0.9468 0.1458
0.0584 0.7098 -0.0525  0.9468 0.1458
0.0251 0.7066 0.0276  0.9716 0.0859
0.0000 0.7177 -0.0882  0.9906 0.1727
0.1462 0.1072 -0.0379  0.7464 0.0899
0.1311 0.1313 -0.0843  0.7891 0.1011
0.1633 0.3100 -0.0766  0.8018 0.2286
0.1633 0.3100 -0.0766  0.8018 0.2286
0.1682 0.3484 -0.0066  0.7691 0.2619
0.1462 0.1072 -0.0379  0.7464 0.0899
0.1240 0.3831 -0.1048  0.8375 0.2601
0.1633 0.3100 -0.0766  0.8018 0.2286
0.1311 0.1313 -0.0843  0.7891 0.1011
0.1311 0.1313 -0.0843  0.7891 0.1011
0.0964 0.1318 -0.0825  0.8144 0.0970
0.1240 0.3831 -0.1048  0.8375 0.2601
0.0715 0.6995 0.1072  0.9372 0.0262
0.0761 0.7017 0.1262  0.9340 0.0118
0.0000 0.7075 0.1271  0.9910 0.0118
0.0000 0.7075 0.1271  0.9910 0.0118
0.0251 0.7066 0.0276  0.9716 0.0859
0.0715 0.6995 0.1072  0.9372 0.0262
0.1633 0.3100 -0.0766  0.8018 0.2286
0.1667 0.3915 -0.0572  0.8054 0.2758
0.1682 0.3484 -0.0066  0.7691 0.2619
0.1240 0.3831 -0.1048  0.8375 0.2601
0.1667 0.3915 -0.0572  0.8054 0.2758
0.1633 0.3100 -0.0766  0.8018 0.2286
0.0584 0.7098 -0.0525  0.9468 0.1458
0.0678 0.7159 -0.0822  0.9400 0.1685
0.1343 0.7053 -0.0598  0.8900 0.1509
0.1462 0.1072 -0.0379  0.7464 0.0899
0.1188 0.1415 0.0067  0.7114 0.1229
0.1579 0.0565 0.0459  0.6919 0.0469
0.1225 0.5189 0.0601  0.7685 0.3858
0.1340 0.4841 0.0356  0.7735 0.3567
0.1479 0.5330 -0.0022  0.8155 0.3761
0.0604 0.4757 -0.0098  0.9194 0.3059
0.0374 0.5278 0.0090  0.9406 0.3381
0.0687 0.5207 -0.0517  0.8931 0.3405
0.1240 0.3831 -0.1048  0.8375 0.2601
0.0964 0.1318 -0.0825  0.8144 0.0970
0.0619 0.3750 -0.0870  0.8712 0.2484
0.0251 0.7066 0.0276  0.9716 0.0859
0.0000 0.7075 0.1271  0.9910 0.0118
0.0000 0.7177 -0.0882  0.9906 0.1727
0.0761 0.7017 0.1262  0.9340 0.0118
0.0715 0.6995 0.1072  0.9372 0.0262
0.1426 0.7012 0.0978  0.8839 0.0319
-0.1780 -0.0002 0.0212  0.9019 0.9208
-0.1495 0.0450 -0.0423  0.8478 0.9413
-0.0885 0.0482 -0.0306  0.8538 0.9843
-0.0885 0.0482 -0.0306  0.8538 0.9843
-0.0814 0.0005 0.0399  0.9132 0.9885
-0.1780 -0.0002 0.0212  0.9019 0.9208
-0.1037 0.0023 -0.0391  0.8206 0.9756
-0.1258 0.0023 -0.0461  0.8189 0.9596
-0.1201 0.0023 -0.0828  0.7931 0.9583
-0.1201 0.0023 -0.0828  0.7931 0.9583
-0.0973 0.0023 -0.0739  0.7960 0.9751
-0.1037 0.0023 -0.0391  0.8206 0.9756
-0.1780 -0.0002 0.0212  0.7136 0.0146
-0.1579 0.0565 0.0459  0.6919 0.0469
-0.1462 0.1072 -0.0379  0.7464 0.0899
-0.1462 0.1072 -0.0379  0.7464 0.0899
-0.1495 0.0450 -0.0423  0.7496 0.0455
-0.1780 -0.0002 0.0212  0.7136 0.0146
-0.0793 0.1135 -0.0291  0.8509 0.0811
-0.0885 0.0482 -0.0306  0.8503 0.0413
-0.0876 0.0565 -0.0944  0.8128 0.0460
-0.0876 0.0565 -0.0944  0.8128 0.0460
-0.0964 0.1318 -0.0825  0.8144 0.0970
-0.0793 0.1135 -0.0291  0.8509 0.0811
-0.0619 0.3750 -0.0870  0.8712 0.2484
-0.0687 0.5207 -0.0517  0.8931 0.3405
-0.0604 0.4757 -0.0098  0.9194 0.3059
-0.0604 0.4757 -0.0098  0.9194 0.3059
-0.0512 0.3373 -0.0241  0.9035 0.2194
-0.0619 0.3750 -0.0870  0.8712 0.2484
-0.0374 0.5278 0.0090  0.6964 0.3939
-0.0778 0.5179 0.0691  0.7410 0.3927
-0.0885 0.4754 0.0492  0.7397 0.3607
-0.0885 0.4754 0.0492  0.7397 0.3607
-0.0604 0.4757 -0.0098  0.6968 0.3584
-0.0374 0.5278 0.0090  0.6964 0.3939
-0.1225 0.5189 0.0601  0.7685 0.3858
-0.1340 0.4841 0.0356  0.7735 0.3567
-0.0885 0.4754 0.0492  0.7397 0.3607
-0.0885 0.4754 0.0492  0.7397 0.3607
-0.0778 0.5179 0.0691  0.7410 0.3927
-0.1225 0.5189 0.0601  0.7685 0.3858
-0.0964 0.1318 -0.0825  0.8144 0.0970
-0.0619 0.3750 -0.0870  0.8712 0.2484
-0.0512 0.3373 -0.0241  0.9035 0.2194
-0.0512 0.3373 -0.0241  0.9035 0.2194
-0.0793 0.1135 -0.0291  0.8509 0.0811
-0.0964 0.1318 -0.0825  0.8144 0.0970
-0.1462 0.1072 -0.0379  0.7464 0.0899
-0.1311 0.1313 -0.0843  0.7891 0.1011
-0.1282 0.0574 -0.1048  0.7890 0.0467
-0.1282 0.0574 -0.1048  0.7890 0.0467
-0.1495 0.0450 -0.0423  0.7496 0.0455
-0.1462 0.1072 -0.0379  0.7464 0.0899
-0.0876 0.0565 -0.0944  0.8128 0.0460
-0.1282 0.0574 -0.1048  0.7890 0.0467
-0.1311 0.1313 -0.0843  0.7891 0.1011
-0.1311 0.1313 -0.0843  0.7891 0.1011
-0.0964 0.1318 -0.0825  0.8144 0.0970
-0.0876 0.0565 -0.0944  0.8128 0.0460
-0.1139 0.0057 0.1347  0.6398 0.0200
-0.0814 0.0005 0.0399  0.6282 0.0641
-0.0972 0.0584 0.0452  0.6605 0.0707
-0.0972 0.0584 0.0452  0.6605 0.0707
-0.1145 0.0317 0.1296  0.6502 0.0262
-0.1139 0.0057 0.1347  0.6398 0.0200
-0.1188 0.5330 -0.0581  0.8596 0.3586
-0.1240 0.3831 -0.1048  0.8375 0.2601
-0.1667 0.3915 -0.0572  0.8054 0.2758
-0.1667 0.3915 -0.0572  0.8054 0.2758
-0.1479 0.5330 -0.0022  0.8155 0.3761
-0.1188 0.5330 -0.0581  0.8596 0.3586
-0.0687 0.5207 -0.0517  0.8931 0.3405
-0.0619 0.3750 -0.0870  0.8712 0.2484
-0.1240 0.3831 -0.1048  0.8375 0.2601
-0.1240 0.3831 -0.1048  0.8375 0.2601
-0.1188 0.5330 -0.0581  0.8596 0.3586
-0.0687 0.5207 -0.0517  0.8931 0.3405
-0.0512 0.3373 -0.0241  0.6786 0.2728
-0.0604 0.4757 -0.0098  0.6968 0.3584
-0.0885 0.4754 0.0492  0.7397 0.3607
-0.0885 0.4754 0.0492  0.7397 0.3607
-0.1112 0.3257 0.0298  0.7255 0.2602
-0.0512 0.3373 -0.0241  0.6786 0.2728
-0.1112 0.3257 0.0298  0.7255 0.2602
-0.0885 0.4754 0.0492  0.7397 0.3607
-0.1340 0.4841 0.0356  0.7735 0.3567
-0.1340 0.4841 0.0356  0.7735 0.3567
-0.1682 0.3484 -0.0066  0.7691 0.2619
-0.1112 0.3257 0.0298  0.7255 0.2602
-0.1682 0.3484 -0.0066  0.7691 0.2619
-0.1340 0.4841 0.0356  0.7735 0.3567
-0.1479 0.5330 -0.0022  0.8155 0.3761
-0.1479 0.5330 -0.0022  0.8155 0.3761
-0.1667 0.3915 -0.0572  0.8054 0.2758
-0.1682 0.3484 -0.0066  0.7691 0.2619
-0.0687 0.5207 -0.0517  0.8931 0.3405
-0.1188 0.5330 -0.0581  0.8596 0.3586
-0.1234 0.5922 -0.0497  0.8694 0.4035
-0.1234 0.5922 -0.0497  0.8694 0.4035
-0.0660 0.5885 -0.0423  0.9096 0.3874
-0.0687 0.5207 -0.0517  0.8931 0.3405
-0.0687 0.5207 -0.0517  0.8931 0.3405
-0.0660 0.5885 -0.0423  0.9096 0.3874
-0.0309 0.5737 0.0057  0.9459 0.3673
-0.0309 0.5737 0.0057  0.9459 0.3673
-0.0374 0.5278 0.0090  0.9406 0.3381
-0.0687 0.5207 -0.0517  0.8931 0.3405
-0.1234 0.5922 -0.0497  0.8694 0.4035
-0.1188 0.5330 -0.0581  0.8596 0.3586
-0.1479 0.5330 -0.0022  0.8155 0.3761
-0.1479 0.5330 -0.0022  0.8155 0.3761
-0.1483 0.5889 0.0074  0.8247 0.4172
-0.1234 0.5922 -0.0497  0.8694 0.4035
-0.0972 0.0584 0.0452  0.6605 0.0707
-0.1579 0.0565 0.0459  0.6919 0.0469
-0.1614 0.0297 0.1213  0.6651 0.0187
-0.1614 0.0297 0.1213  0.6651 0.0187
-0.1145 0.0317 0.1296  0.6502 0.0262
-0.0972 0.0584 0.0452  0.6605 0.0707
-0.1780 -0.0002 0.0212  0.7136 0.0146
-0.1667 0.0057 0.1213  0.6638 0.0067
-0.1614 0.0297 0.1213  0.6651 0.0187
-0.1614 0.0297 0.1213  0.6651 0.0187
-0.1579 0.0565 0.0459  0.6919 0.0469
-0.1780 -0.0002 0.0212  0.7136 0.0146
-0.0814 0.0005 0.0399  0.9132 0.9885
-0.1139 0.0057 0.1347  0.9799 0.9676
-0.1667 0.0057 0.1213  0.9716 0.9306
-0.1667 0.0057 0.1213  0.9716 0.9306
-0.1780 -0.0002 0.0212  0.9019 0.9208
-0.0814 0.0005 0.0399  0.9132 0.9885
-0.0814 0.0005 0.0399  0.6282 0.0641
-0.0885 0.0482 -0.0306  0.6346 0.1111
-0.0793 0.1135 -0.0291  0.6681 0.1259
-0.0793 0.1135 -0.0291  0.6681 0.1259
-0.0972 0.0584 0.0452  0.6605 0.0707
-0.0814 0.0005 0.0399  0.6282 0.0641
-0.1667 0.0057 0.1213  0.6638 0.0067
-0.1139 0.0057 0.1347  0.6398 0.0200
-0.1145 0.0317 0.1296  0.6502 0.0262
-0.1145 0.0317 0.1296  0.6502 0.0262
-0.1614 0.0297 0.1213  0.6651 0.0187
-0.1667 0.0057 0.1213  0.6638 0.0067
-0.1483 0.5889 0.0074  0.8247 0.4172
-0.1479 0.5330 -0.0022  0.8155 0.3761
-0.1225 0.5189 0.0601  0.7685 0.3858
-0.1225 0.5189 0.0601  0.7685 0.3858
-0.1258 0.5819 0.0648  0.7804 0.4272
-0.1483 0.5889 0.0074  0.8247 0.4172
-0.0374 0.5278 0.0090  0.6964 0.3939
-0.0309 0.5737 0.0057  0.6895 0.4225
-0.0728 0.5764 0.0788  0.7428 0.4298
-0.0728 0.5764 0.0788  0.7428 0.4298
-0.0778 0.5179 0.0691  0.7410 0.3927
-0.0374 0.5278 0.0090  0.6964 0.3939
-0.1225 0.5189 0.0601  0.7685 0.3858
-0.0778 0.5179 0.0691  0.7410 0.3927
-0.0728 0.5764 0.0788  0.7428 0.4298
-0.0728 0.5764 0.0788  0.7428 0.4298
-0.1258 0.5819 0.0648  0.7804 0.4272
-0.1225 0.5189 0.0601  0.7685 0.3858
-0.1495 0.0450 -0.0423  0.8478 0.9413
-0.1258 0.0023 -0.0461  0.8189 0.9596
-0.1037 0.0023 -0.0391  0.8206 0.9756
-0.1037 0.0023 -0.0391  0.8206 0.9756
-0.0885 0.0482 -0.0306  0.8538 0.9843
-0.1495 0.0450 -0.0423  0.8478 0.9413
-0.0885 0.0482 -0.0306  0.8503 0.0413
-0.1037 0.0023 -0.0391  0.8378 0.0081
-0.0973 0.0023 -0.0739  0.8120 0.0116
-0.0973 0.0023 -0.0739  0.8120 0.0116
-0.0876 0.0565 -0.0944  0.8128 0.0460
-0.0885 0.0482 -0.0306  0.8503 0.0413
-0.0876 0.0565 -0.0944  0.8128 0.0460
-0.0973 0.0023 -0.0739  0.8120 0.0116
-0.1201 0.0023 -0.0828  0.7877 0.0132
-0.1201 0.0023 -0.0828  0.7877 0.0132
-0.1282 0.0574 -0.1048  0.7890 0.0467
-0.0876 0.0565 -0.0944  0.8128 0.0460
-0.1282 0.0574 -0.1048  0.7890 0.0467
-0.1201 0.0023 -0.0828  0.7877 0.0132
-0.1258 0.0023 -0.0461  0.7596 0.0118
-0.1258 0.0023 -0.0461  0.7596 0.0118
-0.1495 0.0450 -0.0423  0.7496 0.0455
-0.1282 0.0574 -0.1048  0.7890 0.0467
-0.0584 0.7098 -0.0525  0.9412 0.4630
-0.0660 0.5885 -0.0423  0.9096 0.3874
-0.1234 0.5922 -0.0497  0.8694 0.4035
-0.1234 0.5922 -0.0497  0.8694 0.4035
-0.1343 0.7053 -0.0598  0.8965 0.4785
-0.0584 0.7098 -0.0525  0.9412 0.4630
-0.0584 0.7098 -0.0525  0.9412 0.4630
-0.0251 0.7066 0.0276  0.9891 0.4401
-0.0309 0.5737 0.0057  0.9459 0.3673
-0.0309 0.5737 0.0057  0.9459 0.3673
-0.0660 0.5885 -0.0423  0.9096 0.3874
-0.0584 0.7098 -0.0525  0.9412 0.4630
-0.1483 0.5889 0.0074  0.8247 0.4172
-0.1704 0.7009 0.0204  0.8435 0.4954
-0.1343 0.7053 -0.0598  0.8965 0.4785
-0.1343 0.7053 -0.0598  0.8965 0.4785
-0.1234 0.5922 -0.0497  0.8694 0.4035
-0.1483 0.5889 0.0074  0.8247 0.4172
-0.1258 0.5819 0.0648  0.7804 0.4272
-0.1426 0.7012 0.0978  0.7938 0.5119
-0.1704 0.7009 0.0204  0.8435 0.4954
-0.1704 0.7009 0.0204  0.8435 0.4954
-0.1483 0.5889 0.0074  0.8247 0.4172
-0.1258 0.5819 0.0648  0.7804 0.4272
-0.0728 0.5764 0.0788  0.7428 0.4298
-0.0309 0.5737 0.0057  0.6895 0.4225
-0.0251 0.7066 0.0276  0.6872 0.5098
-0.0251 0.7066 0.0276  0.6872 0.5098
-0.0715 0.6995 0.1072  0.7469 0.5140
-0.0728 0.5764 0.0788  0.7428 0.4298
-0.1426 0.7012 0.0978  0.7938 0.5119
-0.1258 0.5819 0.0648  0.7804 0.4272
-0.0728 0.5764 0.0788  0.7428 0.4298
-0.0728 0.5764 0.0788  0.7428 0.4298
-0.0715 0.6995 0.1072  0.7469 0.5140
-0.1426 0.7012 0.0978  0.7938 0.5119
-0.1188 0.1415 0.0067  0.7114 0.1229
-0.0793 0.1135 -0.0291  0.6681 0.1259
-0.0512 0.3373 -0.0241  0.6786 0.2728
-0.0512 0.3373 -0.0241  0.6786 0.2728
-0.1112 0.3257 0.0298  0.7255 0.2602
-0.1188 0.1415 0.0067  0.7114 0.1229
-0.1188 0.1415 0.0067  0.7114 0.1229
-0.1579 0.0565 0.0459  0.6919 0.0469
-0.0972 0.0584 0.0452  0.6605 0.0707
-0.0972 0.0584 0.0452  0.6605 0.0707
-0.0793 0.1135 -0.0291  0.6681 0.1259
-0.1188 0.1415 0.0067  0.7114 0.1229
-0.1682 0.3484 -0.0066  0.7691 0.2619
-0.1462 0.1072 -0.0379  0.7464 0.0899
-0.1188 0.1415 0.0067  0.7114 0.1229
-0.1188 0.1415 0.0067  0.7114 0.1229
-0.1112 0.3257 0.0298  0.7255 0.2602
-0.1682 0.3484 -0.0066  0.7691 0.2619
0.0000 0.7177 -0.0882  0.9906 0.1727
-0.0251 0.7066 0.0276  0.9716 0.0859
-0.0584 0.7098 -0.0525  0.9468 0.1458
-0.0584 0.7098 -0.0525  0.9468 0.1458
-0.0678 0.7159 -0.0822  0.9400 0.1685
0.0000 0.7177 -0.0882  0.9906 0.1727
-0.1462 0.1072 -0.0379  0.7464 0.0899
-0.1682 0.3484 -0.0066  0.7691 0.2619
-0.1633 0.3100 -0.0766  0.8018 0.2286
-0.1633 0.3100 -0.0766  0.8018 0.2286
-0.1311 0.1313 -0.0843  0.7891 0.1011
-0.1462 0.1072 -0.0379  0.7464 0.0899
-0.1240 0.3831 -0.1048  0.8375 0.2601
-0.0964 0.1318 -0.0825  0.8144 0.0970
-0.1311 0.1313 -0.0843  0.7891 0.1011
-0.1311 0.1313 -0.0843  0.7891 0.1011
-0.1633 0.3100 -0.0766  0.8018 0.2286
-0.1240 0.3831 -0.1048  0.8375 0.2601
-0.0715 0.6995 0.1072  0.9372 0.0262
-0.0251 0.7066 0.0276  0.9716 0.0859
0.0000 0.7075 0.1271  0.9910 0.0118
0.0000 0.7075 0.1271  0.9910 0.0118
-0.0761 0.7017 0.1262  0.9340 0.0118
-0.0715 0.6995 0.1072  0.9372 0.0262
-0.1633 0.3100 -0.0766  0.8018 0.2286
-0.1682 0.3484 -0.0066  0.7691 0.2619
-0.1667 0.3915 -0.0572  0.8054 0.2758
-0.1240 0.3831 -0.1048  0.8375 0.2601
-0.1633 0.3100 -0.0766  0.8018 0.2286
-0.1667 0.3915 -0.0572  0.8054 0.2758
-0.0584 0.7098 -0.0525  0.9468 0.1458
-0.1343 0.7053 -0.0598  0.8900 0.1509
-0.0678 0.7159 -0.0822  0.9400 0.1685
-0.1462 0.1072 -0.0379  0.7464 0.0899
-0.1579 0.0565 0.0459  0.6919 0.0469
-0.1188 0.1415 0.0067  0.7114 0.1229
-0.1225 0.5189 0.0601  0.7685 0.3858
-0.1479 0.5330 -0.0022  0.8155 0.3761
-0.1340 0.4841 0.0356  0.7735 0.3567
-0.0604 0.4757 -0.0098  0.9194 0.3059
-0.0687 0.5207 -0.0517  0.8931 0.3405
-0.0374 0.5278 0.0090  0.9406 0.3381
-0.1240 0.3831 -0.1048  0.8375 0.2601
-0.0619 0.3750 -0.0870  0.8712 0.2484
-0.0964 0.1318 -0.0825  0.8144 0.0970
-0.0251 0.7066 0.0276  0.9716 0.0859
0.0000 0.7177 -0.0882  0.9906 0.1727
0.0000 0.7075 0.1271  0.9910 0.0118
-0.0761 0.7017 0.1262  0.9340 0.0118
-0.1426 0.7012 0.0978  0.8839 0.0319
-0.0715 0.6995 0.1072  0.9372 0.0262
0.5579 1.0756 0.0282  0.6044 0.7010
0.5607 1.0281 0.1142  0.5726 0.7692
0.5943 0.9921 0.1247  0.5349 0.7628
0.5943 0.9921 0.1247  0.5349 0.7628
0.5950 1.0025 0.0381  0.5491 0.7072
0.5579 1.0756 0.0282  0.6044 0.7010
-0.5607 1.0281 0.1142  0.5405 0.8888
-0.5364 1.0392 0.1211  0.5541 0.8687
-0.5421 1.0822 0.0860  0.5898 0.8792
-0.5421 1.0822 0.0860  0.5898 0.8792
-0.5579 1.0756 0.0282  0.6082 0.9141
-0.5607 1.0281 0.1142  0.5405 0.8888
-0.0486 1.7530 0.0931  0.2085 0.8754
-0.0598 1.7689 0.0927  0.2037 0.8875
-0.0742 1.7132 0.0842  0.1864 0.8463
-0.0742 1.7132 0.0842  0.1864 0.8463
-0.0633 1.7049 0.0695  0.1884 0.8371
-0.0486 1.7530 0.0931  0.2085 0.8754
-0.0633 1.7049 0.0695  0.1884 0.8371
-0.0742 1.7132 0.0842  0.1864 0.8463
-0.0748 1.6574 0.0721  0.1678 0.8059
-0.0748 1.6574 0.0721  0.1678 0.8059
-0.0668 1.6601 0.0581  0.1751 0.8006
-0.0633 1.7049 0.0695  0.1884 0.8371
-0.0748 1.6574 0.0721  0.1678 0.8059
-0.0676 1.6007 0.0583  0.1402 0.7685
-0.0609 1.6138 0.0313  0.1571 0.7580
-0.0609 1.6138 0.0313  0.1571 0.7580
-0.0668 1.6601 0.0581  0.1751 0.8006
-0.0748 1.6574 0.0721  0.1678 0.8059
